0	1
0	2
0	3
0	4
0	5
0	6
0	7
0	8
0	10
0	11
0	20
0	22
0	24
0	28
0	29
0	31
0	33
0	37
0	42
0	47
0	50
0	56
0	66
0	74
0	75
0	81
0	84
0	89
0	91
0	95
0	102
0	107
0	109
0	111
0	122
0	128
0	134
0	142
0	145
0	167
0	168
0	172
0	174
0	175
0	183
0	187
0	198
0	203
0	212
0	224
0	232
0	238
0	244
0	246
0	248
0	268
0	272
0	275
0	281
0	286
0	288
0	289
0	291
0	297
0	309
0	321
0	324
0	336
0	341
0	347
0	360
0	361
0	381
0	385
0	392
0	397
0	398
0	422
0	423
0	447
0	450
0	467
0	470
0	474
0	484
0	490
0	492
0	500
0	518
0	520
0	523
0	535
0	553
0	554
0	555
0	557
0	563
0	565
0	568
0	583
0	596
0	612
0	613
0	615
0	620
0	622
0	623
0	625
0	633
0	634
0	641
0	649
0	665
0	666
0	688
0	749
0	770
0	772
0	834
0	851
0	853
0	854
0	860
0	865
0	902
0	909
0	910
0	911
0	952
0	968
0	974
0	978
1	5
1	12
1	13
1	27
1	49
1	116
1	136
1	138
1	158
1	180
1	201
1	204
1	291
1	410
1	413
1	504
1	608
1	723
1	794
1	886
2	6
2	8
2	9
2	16
2	18
2	19
2	22
2	26
2	31
2	86
2	104
2	115
2	123
2	127
2	151
2	157
2	170
2	188
2	217
2	242
2	263
2	277
2	292
2	303
2	314
2	318
2	384
2	426
2	435
2	465
2	481
2	592
2	719
2	750
2	773
2	794
2	847
2	874
2	896
2	947
2	973
3	5
3	6
3	7
3	13
3	14
3	23
3	40
3	53
3	55
3	94
3	118
3	137
3	145
3	176
3	239
3	240
3	243
3	252
3	299
3	405
3	443
3	444
3	455
3	476
3	609
3	673
3	761
3	791
3	836
3	845
3	946
4	5
4	7
4	8
4	10
4	16
4	18
4	27
4	32
4	51
4	59
4	81
4	98
4	100
4	104
4	164
4	165
4	166
4	241
4	346
4	368
4	457
4	527
4	546
4	561
4	638
4	772
4	838
4	989
4	990
5	6
5	8
5	9
5	11
5	13
5	14
5	19
5	20
5	24
5	25
5	28
5	30
5	32
5	35
5	38
5	39
5	40
5	41
5	43
5	44
5	48
5	52
5	53
5	59
5	65
5	66
5	68
5	76
5	77
5	89
5	90
5	91
5	97
5	106
5	111
5	119
5	125
5	133
5	140
5	151
5	156
5	161
5	166
5	187
5	190
5	191
5	196
5	205
5	219
5	222
5	237
5	238
5	251
5	254
5	256
5	261
5	265
5	306
5	310
5	324
5	339
5	355
5	360
5	371
5	375
5	377
5	382
5	390
5	405
5	427
5	460
5	480
5	489
5	530
5	543
5	559
5	583
5	600
5	635
5	642
5	645
5	660
5	664
5	670
5	684
5	694
5	699
5	714
5	722
5	728
5	803
5	837
5	844
5	848
5	851
5	853
5	870
5	886
5	891
5	920
5	930
5	939
5	987
6	7
6	9
6	10
6	11
6	13
6	17
6	21
6	22
6	28
6	41
6	42
6	44
6	45
6	49
6	53
6	62
6	69
6	80
6	98
6	100
6	105
6	122
6	146
6	149
6	151
6	152
6	177
6	183
6	207
6	251
6	262
6	273
6	277
6	298
6	302
6	305
6	330
6	338
6	339
6	340
6	349
6	350
6	376
6	398
6	424
6	426
6	439
6	454
6	455
6	456
6	473
6	495
6	496
6	533
6	541
6	572
6	582
6	594
6	604
6	609
6	612
6	616
6	649
6	661
6	684
6	700
6	703
6	736
6	741
6	762
6	779
6	798
6	804
6	812
6	850
6	861
6	878
6	931
6	943
6	956
6	987
6	988
7	9
7	11
7	12
7	14
7	17
7	18
7	20
7	29
7	37
7	38
7	40
7	42
7	55
7	61
7	62
7	66
7	68
7	71
7	79
7	80
7	83
7	88
7	91
7	96
7	102
7	113
7	118
7	121
7	125
7	131
7	138
7	156
7	162
7	184
7	186
7	217
7	222
7	224
7	235
7	260
7	264
7	277
7	301
7	313
7	327
7	335
7	340
7	349
7	350
7	378
7	392
7	393
7	400
7	405
7	418
7	446
7	450
7	469
7	475
7	490
7	495
7	503
7	510
7	513
7	551
7	559
7	570
7	586
7	589
7	595
7	634
7	644
7	680
7	685
7	705
7	742
7	759
7	761
7	763
7	784
7	792
7	800
7	830
7	832
7	861
7	901
7	909
7	912
7	932
7	967
7	976
7	988
7	998
8	14
8	15
8	16
8	21
8	29
8	30
8	34
8	36
8	38
8	39
8	44
8	47
8	72
8	86
8	87
8	90
8	92
8	106
8	112
8	128
8	144
8	147
8	153
8	154
8	158
8	159
8	161
8	169
8	171
8	180
8	186
8	192
8	196
8	223
8	230
8	237
8	240
8	245
8	278
8	279
8	294
8	305
8	320
8	325
8	334
8	339
8	344
8	360
8	372
8	374
8	411
8	416
8	429
8	432
8	442
8	444
8	478
8	489
8	497
8	501
8	511
8	526
8	532
8	538
8	539
8	563
8	586
8	587
8	601
8	602
8	610
8	611
8	621
8	624
8	635
8	640
8	643
8	651
8	681
8	693
8	694
8	710
8	720
8	747
8	757
8	777
8	787
8	800
8	817
8	856
8	954
8	962
8	978
9	10
9	12
9	15
9	17
9	21
9	26
9	35
9	44
9	47
9	51
9	57
9	70
9	109
9	111
9	115
9	126
9	141
9	149
9	152
9	182
9	189
9	192
9	208
9	209
9	210
9	214
9	225
9	231
9	257
9	283
9	318
9	337
9	343
9	359
9	363
9	376
9	385
9	418
9	419
9	465
9	470
9	509
9	526
9	604
9	619
9	641
9	712
9	749
9	751
9	762
9	767
9	776
9	798
9	810
9	834
9	915
9	916
9	966
10	12
10	17
10	22
10	23
10	25
10	32
10	38
10	46
10	47
10	62
10	88
10	93
10	101
10	143
10	147
10	150
10	173
10	180
10	184
10	217
10	267
10	310
10	316
10	326
10	336
10	377
10	416
10	448
10	457
10	519
10	541
10	548
10	580
10	600
10	627
10	629
10	662
10	713
10	718
10	770
10	885
11	15
11	16
11	19
11	21
11	23
11	25
11	63
11	82
11	83
11	85
11	90
11	134
11	186
11	188
11	194
11	207
11	253
11	317
11	339
11	403
11	412
11	427
11	431
11	481
11	507
11	554
11	617
11	619
11	624
11	797
12	31
12	33
12	41
12	53
12	139
12	172
12	182
12	244
12	316
12	359
12	441
12	448
12	461
12	732
12	750
13	24
13	25
13	26
13	27
13	34
13	52
13	54
13	58
13	92
13	123
13	142
13	173
13	190
13	216
13	260
13	357
13	430
13	455
13	527
13	552
13	655
13	712
13	815
13	847
13	903
13	905
13	979
13	994
14	15
14	18
14	23
14	35
14	45
14	64
14	70
14	93
14	95
14	99
14	162
14	195
14	232
14	236
14	241
14	284
14	327
14	342
14	394
14	431
14	438
14	478
14	494
14	509
14	512
14	529
14	556
14	602
14	618
14	629
14	630
14	679
14	849
14	869
14	944
14	949
14	989
15	19
15	20
15	26
15	33
15	48
15	52
15	56
15	63
15	70
15	71
15	76
15	78
15	79
15	97
15	99
15	112
15	113
15	128
15	136
15	148
15	156
15	174
15	200
15	202
15	250
15	267
15	273
15	283
15	289
15	330
15	345
15	383
15	400
15	410
15	429
15	463
15	472
15	484
15	490
15	511
15	517
15	544
15	557
15	620
15	651
15	709
15	719
15	773
15	801
15	802
15	807
15	838
15	873
15	883
15	886
15	901
15	955
15	990
15	992
16	39
16	43
16	82
16	116
16	155
16	165
16	202
16	225
16	243
16	258
16	308
16	313
16	426
16	506
16	533
16	552
16	797
16	915
17	24
17	538
17	966
18	29
18	30
18	36
18	37
18	48
18	55
18	60
18	73
18	89
18	103
18	123
18	129
18	134
18	139
18	140
18	178
18	182
18	192
18	199
18	210
18	221
18	224
18	246
18	255
18	278
18	285
18	331
18	341
18	361
18	418
18	419
18	425
18	433
18	440
18	492
18	519
18	530
18	546
18	552
18	557
18	566
18	568
18	585
18	657
18	708
18	751
18	772
18	787
18	793
18	794
18	809
18	839
18	889
18	906
19	56
19	67
19	77
19	86
19	91
19	107
19	126
19	131
19	170
19	287
19	288
19	308
19	325
19	328
19	340
19	355
19	497
19	564
19	846
20	31
20	32
20	63
20	64
20	78
20	109
20	113
20	118
20	132
20	143
20	157
20	160
20	177
20	195
20	208
20	209
20	211
20	214
20	303
20	323
20	330
20	366
20	370
20	434
20	473
20	576
20	593
20	607
20	615
20	632
20	638
20	643
20	658
20	697
20	699
20	710
20	762
20	788
20	807
20	833
20	939
21	135
21	162
21	205
21	218
21	269
21	328
21	453
21	488
21	969
22	30
22	34
22	41
22	80
22	83
22	98
22	132
22	167
22	255
22	342
22	378
22	515
22	526
22	559
22	561
22	567
22	603
22	687
22	698
22	749
22	755
22	770
22	777
22	856
22	939
23	36
23	46
23	48
23	65
23	107
23	112
23	153
23	295
23	311
23	528
23	532
23	663
23	668
23	715
23	760
23	856
23	885
23	964
24	37
24	58
24	63
24	75
24	130
24	165
24	196
24	301
24	351
24	616
24	621
24	640
24	641
24	659
24	667
24	710
24	726
24	730
24	811
24	912
24	957
25	34
25	43
25	62
25	71
25	73
25	79
25	105
25	120
25	135
25	137
25	158
25	163
25	165
25	166
25	172
25	184
25	197
25	203
25	204
25	209
25	282
25	316
25	333
25	358
25	361
25	394
25	412
25	459
25	489
25	522
25	538
25	593
25	607
25	622
25	666
25	703
25	713
25	731
25	759
25	878
25	911
25	948
25	997
26	27
26	74
26	85
26	274
26	396
26	409
26	467
26	474
26	524
26	532
26	654
26	670
26	695
26	714
26	790
26	940
26	957
26	986
27	28
27	140
27	154
27	168
27	179
27	209
27	215
27	249
27	327
27	337
27	366
27	477
27	482
27	515
27	518
27	523
27	549
27	585
27	643
27	653
27	783
27	785
27	842
27	954
28	39
28	40
28	65
28	85
28	128
28	141
28	142
28	150
28	164
28	203
28	241
28	265
28	332
28	458
28	472
28	587
28	878
28	884
28	957
28	999
29	54
29	108
29	114
29	117
29	161
29	177
29	293
29	296
29	322
29	350
29	370
29	375
29	423
29	456
29	459
29	477
29	563
29	766
29	888
29	934
30	33
30	69
30	81
30	103
30	104
30	110
30	213
30	266
30	348
30	354
30	384
30	431
30	463
30	752
30	843
30	868
31	35
31	49
31	52
31	57
31	87
31	97
31	226
31	247
31	391
31	394
31	424
31	657
31	690
31	768
31	884
31	885
31	938
31	941
32	46
32	87
32	96
32	130
32	234
32	249
32	258
32	409
32	508
32	557
32	649
32	775
32	865
32	896
33	72
33	184
33	200
33	233
33	358
33	605
33	636
33	683
33	867
33	921
33	964
34	36
34	46
34	50
34	60
34	70
34	144
34	164
34	178
34	191
34	314
34	338
34	446
34	468
34	470
34	535
34	691
34	779
34	792
34	808
34	944
34	945
35	51
35	60
35	61
35	68
35	84
35	93
35	147
35	160
35	179
35	186
35	221
35	234
35	243
35	299
35	307
35	320
35	321
35	334
35	350
35	391
35	394
35	412
35	466
35	488
35	505
35	516
35	521
35	555
35	573
35	591
35	669
35	692
35	733
35	829
35	845
35	943
35	955
36	60
36	72
36	89
36	95
36	144
36	275
36	317
36	386
36	528
36	695
36	707
37	45
37	49
37	51
37	56
37	61
37	74
37	75
37	77
37	102
37	126
37	137
37	163
37	179
37	211
37	258
37	348
37	455
37	524
37	565
37	647
37	674
37	745
37	754
37	757
37	813
37	865
37	923
37	976
37	995
38	58
38	64
38	67
38	76
38	110
38	112
38	114
38	121
38	127
38	148
38	171
38	219
38	228
38	233
38	255
38	259
38	555
38	579
38	594
38	689
38	796
38	823
38	832
38	852
38	894
39	42
39	45
39	211
39	223
39	252
39	331
39	419
39	438
39	678
39	687
39	839
39	866
39	869
40	119
40	397
40	584
40	647
40	671
40	775
40	880
41	55
41	59
41	68
41	73
41	74
41	86
41	101
41	115
41	116
41	124
41	134
41	135
41	138
41	193
41	195
41	205
41	211
41	234
41	237
41	256
41	268
41	281
41	297
41	311
41	333
41	413
41	430
41	595
41	613
41	623
41	633
41	669
41	689
41	721
41	735
41	746
41	776
41	898
41	930
41	944
41	958
42	43
42	54
42	92
42	124
42	259
42	266
42	272
42	275
42	297
42	300
42	303
42	309
42	326
42	388
42	498
42	507
42	511
42	538
42	547
42	581
42	635
42	652
42	698
42	739
42	809
42	862
42	863
42	960
42	980
43	54
43	59
43	127
43	155
43	407
43	414
43	427
43	527
43	536
44	66
44	67
44	85
44	102
44	146
44	337
44	461
44	472
44	484
44	519
44	524
44	656
44	661
44	725
44	843
44	845
45	50
45	57
45	73
45	96
45	103
45	230
45	259
45	438
45	442
45	583
45	612
45	707
45	719
45	879
45	890
45	956
46	61
46	67
46	88
46	94
46	125
46	130
46	131
46	148
46	153
46	164
46	213
46	237
46	238
46	239
46	264
46	266
46	351
46	374
46	400
46	421
46	437
46	467
46	549
46	572
46	577
46	582
46	609
46	630
46	653
46	691
46	729
46	734
46	819
46	828
46	887
46	920
46	958
46	972
47	65
47	200
47	316
47	417
47	434
47	654
47	720
47	936
47	951
48	80
48	88
48	100
48	119
48	121
48	122
48	175
48	212
48	239
48	256
48	265
48	279
48	282
48	292
48	295
48	404
48	453
48	493
48	515
48	543
48	578
48	591
48	725
48	765
48	789
48	854
48	865
48	932
48	942
48	952
48	961
49	50
49	69
49	108
49	124
49	181
49	205
49	220
49	270
49	273
49	300
49	322
49	364
49	417
49	445
49	453
49	476
49	513
49	692
49	828
49	833
49	846
50	58
50	69
50	99
50	231
50	234
50	241
50	276
50	307
50	912
50	942
51	98
51	107
51	458
51	605
52	57
52	83
52	214
52	242
52	384
52	574
52	637
52	825
52	928
53	115
53	154
53	201
53	392
53	599
53	634
53	748
54	140
54	216
54	289
54	313
54	315
54	351
54	443
54	479
54	523
54	543
54	555
54	744
54	771
54	841
54	927
54	956
55	71
55	109
55	273
55	274
55	296
55	312
55	375
55	390
55	400
55	425
55	546
55	603
55	609
55	721
55	808
55	991
56	106
56	129
56	152
56	155
56	159
56	189
56	328
56	372
56	376
56	389
56	401
56	486
56	775
56	859
56	942
56	970
57	77
57	78
57	331
57	380
57	408
57	563
57	806
58	206
59	81
59	119
59	160
59	226
59	247
59	414
59	899
60	64
60	108
60	235
60	411
60	514
60	618
60	724
60	826
60	917
61	108
61	176
61	213
61	271
61	272
61	296
61	369
61	396
61	445
61	514
61	576
61	662
61	681
61	744
61	755
61	760
61	858
61	931
61	974
62	78
62	127
62	133
62	148
62	302
62	380
62	691
62	741
62	785
62	828
62	847
62	933
63	185
63	373
63	439
63	475
63	703
63	715
63	879
64	136
64	198
64	300
64	314
64	628
64	688
64	729
65	72
65	93
65	96
65	120
65	124
65	220
65	244
65	420
65	701
65	850
66	267
66	276
66	542
66	665
67	352
67	476
67	540
67	728
67	764
67	794
67	880
68	79
68	135
68	167
68	440
68	562
68	660
68	673
68	711
68	937
68	982
69	75
69	110
69	121
69	194
69	243
69	244
69	252
69	270
69	291
69	371
69	407
69	417
69	423
69	494
69	593
69	623
69	645
69	840
69	990
70	106
70	363
70	737
70	740
71	90
71	94
71	156
71	162
71	185
71	188
71	190
71	194
71	195
71	220
71	283
71	292
71	332
71	344
71	378
71	496
71	572
71	691
71	759
71	896
71	897
71	987
72	129
72	160
72	163
72	206
72	324
72	464
72	503
73	84
73	111
73	499
73	805
74	101
74	105
74	191
74	198
74	224
74	268
74	295
74	571
74	600
74	693
74	785
75	76
75	82
75	103
75	166
75	173
75	185
75	242
75	261
75	345
75	346
75	422
75	462
75	535
75	542
75	888
75	904
75	911
76	84
76	145
76	163
76	168
76	353
76	402
76	529
76	553
76	585
76	876
76	883
77	354
78	113
78	246
78	254
78	263
78	295
78	425
78	486
78	606
78	696
78	916
79	97
79	364
79	510
79	517
79	595
79	667
79	697
79	903
79	968
79	981
80	82
80	146
80	189
80	225
80	294
80	317
80	357
80	406
80	741
80	967
81	94
81	170
81	223
81	862
82	87
82	139
82	149
82	253
82	304
82	331
82	354
82	585
82	627
82	720
82	822
82	848
82	890
83	725
83	744
84	177
84	183
84	188
84	193
84	357
84	381
84	773
84	778
84	823
84	863
84	902
85	117
85	335
85	399
85	560
86	99
86	100
86	143
86	208
86	391
86	594
86	904
87	110
87	318
87	462
87	671
87	695
88	133
88	152
88	200
88	208
88	325
89	167
89	204
89	359
89	499
89	664
89	707
89	732
89	838
89	920
89	995
90	92
90	155
90	693
90	870
91	207
91	233
91	309
91	576
91	639
91	804
92	105
92	868
93	95
93	101
93	143
93	176
93	274
93	301
93	382
93	700
93	764
93	892
93	905
93	963
94	114
94	132
94	187
94	202
94	236
94	245
94	287
94	385
94	436
95	181
95	245
95	288
95	313
95	408
95	437
95	522
95	601
96	141
96	146
96	175
96	265
96	281
96	299
96	444
96	656
96	735
96	859
97	133
97	210
97	262
97	320
97	464
97	561
97	629
97	632
97	642
98	114
98	118
98	182
98	198
98	250
98	373
98	382
98	503
98	607
98	739
98	753
98	899
99	122
99	196
99	230
99	271
99	401
99	434
99	471
99	569
99	698
99	713
99	774
99	791
100	117
100	136
100	149
100	159
100	171
100	215
100	257
100	385
100	421
100	452
100	694
100	729
100	837
101	104
101	330
101	341
101	359
101	414
101	601
101	702
101	934
101	999
102	242
102	263
102	286
102	379
102	599
102	699
102	879
102	906
102	961
103	116
103	151
103	311
103	447
103	561
104	138
104	197
104	285
104	347
104	372
104	396
104	410
104	430
104	535
104	674
104	953
105	179
105	268
105	329
105	395
105	435
105	461
105	570
105	659
105	786
105	804
105	841
106	150
106	261
106	279
106	298
106	386
106	767
107	129
107	363
107	397
107	548
107	605
107	768
108	908
109	126
109	142
109	199
109	420
109	882
110	174
110	201
110	206
110	216
110	236
110	267
110	286
110	370
110	376
110	500
110	549
110	742
110	991
111	174
111	238
111	370
111	521
111	541
111	588
111	648
111	687
111	754
111	793
111	917
111	975
112	125
112	139
112	150
112	154
112	168
112	283
112	343
112	452
112	610
112	686
112	730
113	120
113	161
113	219
113	253
113	309
113	467
113	534
113	565
113	632
113	926
113	981
114	117
114	226
114	235
114	344
114	367
114	399
114	410
114	577
114	784
114	967
115	181
115	366
115	388
115	611
115	798
115	831
116	137
116	406
116	448
116	618
117	261
117	298
117	352
118	120
118	141
118	157
118	189
118	197
118	218
118	260
118	274
118	351
118	493
118	551
118	796
118	919
118	928
118	993
118	998
119	132
119	319
119	389
119	474
119	636
119	754
119	893
120	250
120	362
120	646
120	714
120	781
121	130
121	131
121	169
121	277
121	342
121	403
121	417
121	662
121	851
122	123
122	223
122	388
122	446
122	545
122	566
122	622
122	747
122	899
123	284
123	415
123	480
123	581
123	614
123	708
123	766
123	813
123	857
123	875
123	935
123	938
124	229
124	323
124	441
124	580
124	601
124	699
124	748
124	840
124	852
125	207
125	279
125	380
125	469
125	522
125	548
125	570
125	644
125	809
125	868
125	873
125	914
125	971
126	187
126	231
126	271
126	390
126	393
126	451
126	480
126	501
126	534
126	594
126	639
126	646
126	826
126	833
126	917
127	217
127	222
127	270
127	413
127	415
127	431
127	495
127	506
127	625
127	631
127	781
128	169
128	176
128	310
128	364
128	403
128	450
128	536
128	547
128	568
128	606
128	641
128	679
128	696
128	802
128	819
128	881
128	893
129	169
129	520
129	586
129	637
129	990
130	147
130	157
130	275
130	290
130	423
130	491
130	536
130	619
130	672
130	759
130	986
131	254
131	269
131	287
131	574
131	615
131	984
132	285
132	348
132	612
132	667
132	867
132	876
133	201
133	369
133	407
133	567
133	575
133	653
133	709
133	785
133	860
133	970
134	343
134	903
135	436
136	173
136	178
136	185
136	239
136	344
136	486
136	569
136	776
137	144
137	159
137	180
137	235
137	281
137	282
137	402
137	420
137	450
137	462
137	588
137	648
137	674
137	815
137	965
138	192
138	206
138	210
138	240
138	290
138	477
138	495
138	639
138	706
138	763
138	877
138	978
139	145
139	212
139	218
139	329
139	383
139	447
139	502
139	523
139	554
139	716
139	916
140	229
140	236
140	345
140	488
140	567
140	602
140	620
140	628
140	642
140	652
140	687
140	772
140	829
140	892
141	253
141	375
141	656
141	975
142	153
142	170
142	171
142	199
142	212
142	221
142	228
142	322
142	347
142	412
142	454
142	717
142	727
142	975
143	258
143	262
143	278
143	287
143	293
143	303
143	379
143	575
143	602
143	836
143	849
143	876
144	172
144	438
144	626
144	876
144	925
144	999
145	262
145	296
145	311
145	381
145	428
145	516
145	595
145	753
145	915
145	980
146	229
146	306
146	337
146	564
146	690
146	745
146	821
147	326
147	409
147	760
147	780
148	225
148	288
148	315
148	319
148	356
148	480
148	669
148	722
148	789
148	898
148	937
149	197
149	202
149	221
149	230
149	260
149	571
149	631
149	693
149	927
150	301
150	608
150	668
150	676
150	790
150	804
150	857
150	982
151	194
151	218
151	436
151	831
151	863
151	875
151	936
152	248
152	910
153	193
153	302
153	361
153	366
153	379
153	466
153	626
153	685
153	892
153	897
154	409
154	663
154	959
155	249
155	321
155	389
155	686
156	158
156	228
156	254
156	349
156	378
156	655
156	678
156	714
156	945
157	178
157	355
157	574
157	825
157	929
158	181
158	294
158	373
158	437
158	464
158	637
159	328
159	365
160	404
160	614
160	617
160	682
160	743
161	323
161	358
161	404
161	500
161	510
161	536
161	537
161	576
161	604
161	655
161	748
161	859
162	881
163	321
163	660
164	199
164	204
164	525
164	700
164	839
164	971
165	227
165	633
165	637
165	701
165	740
165	994
166	175
166	324
166	737
167	345
168	213
169	733
169	779
170	420
170	550
170	559
170	731
170	820
170	846
171	916
172	784
173	249
175	284
175	374
175	382
175	428
175	593
175	778
175	879
176	216
176	471
176	581
176	671
176	852
176	862
176	974
177	190
177	251
177	675
177	698
177	778
177	799
177	844
178	226
178	264
178	304
178	305
178	371
178	503
178	531
178	645
178	660
178	664
179	517
179	569
179	650
179	850
180	215
180	220
180	233
180	299
180	306
180	482
180	877
181	228
181	270
181	735
182	183
182	191
182	219
182	232
182	855
182	979
183	193
183	227
183	269
183	335
183	341
183	429
183	452
183	628
183	711
183	757
183	921
183	970
183	983
184	702
184	953
185	245
185	358
185	479
185	590
185	611
185	645
185	752
185	806
186	468
186	531
186	737
186	829
187	592
187	829
188	406
188	444
188	788
188	802
188	812
188	854
189	214
189	257
189	320
189	516
189	738
190	581
190	584
190	977
191	481
191	797
192	227
192	323
192	943
193	365
194	411
194	531
194	824
195	203
195	251
195	263
195	395
195	502
195	528
195	573
195	725
195	962
196	231
196	308
196	325
196	617
197	683
198	298
198	490
199	278
199	430
200	849
200	949
201	401
201	443
201	478
201	658
201	749
201	801
201	982
202	248
202	307
202	389
203	215
203	266
203	293
203	332
203	338
203	457
203	473
203	499
203	575
203	579
203	588
203	666
203	668
203	790
203	853
203	962
204	259
204	493
204	731
204	795
204	821
204	872
204	914
205	751
206	354
206	387
206	416
206	485
206	586
206	737
206	817
207	240
207	636
207	680
207	708
207	726
207	795
207	796
209	418
209	767
210	247
210	439
210	736
210	893
211	222
211	290
211	387
211	406
211	519
211	626
211	771
211	841
212	227
212	564
212	590
212	616
212	918
213	368
213	895
213	953
214	272
214	592
214	909
214	957
215	250
215	470
215	682
215	748
215	845
215	996
216	292
216	346
216	419
216	459
216	797
216	904
217	257
217	290
217	449
217	556
217	763
217	877
218	256
218	286
218	421
218	712
218	891
218	997
219	312
219	336
219	733
219	808
219	853
220	445
220	588
221	247
221	367
221	399
221	522
221	584
221	739
221	792
222	280
222	352
222	401
222	456
222	648
222	871
222	943
222	983
223	276
223	591
223	969
224	442
224	696
225	756
225	873
225	874
226	353
226	966
227	229
227	827
227	932
228	264
228	363
228	432
228	475
228	489
228	508
228	565
228	606
228	690
228	864
228	963
229	424
229	638
229	650
229	969
230	550
230	650
230	686
230	795
230	959
230	999
231	232
231	752
231	886
232	413
232	498
232	553
232	577
232	940
232	997
233	319
233	597
233	783
233	926
234	494
234	520
234	546
234	556
235	308
235	334
235	380
235	485
235	491
235	499
235	744
235	788
236	246
236	269
236	297
236	398
236	440
236	575
236	695
237	404
237	440
237	697
237	758
238	248
238	356
238	393
238	395
238	514
238	562
238	644
238	658
238	675
238	711
238	874
239	284
239	368
239	451
239	539
239	675
239	705
239	717
239	949
240	312
240	342
241	280
241	327
241	352
241	373
241	408
241	446
241	505
241	728
241	921
241	949
242	340
242	432
242	623
243	441
244	458
244	514
244	628
244	837
244	906
245	317
245	319
245	422
245	584
245	870
245	900
245	932
246	362
246	544
247	326
247	349
247	542
247	682
247	696
247	900
247	929
248	367
248	534
249	252
249	302
249	353
249	464
249	861
249	958
250	276
250	291
250	347
250	384
250	572
250	579
250	610
250	614
250	673
250	816
251	280
251	551
251	579
251	786
251	892
251	984
252	433
252	449
252	492
252	811
252	908
253	255
253	289
253	306
253	333
253	411
253	580
253	604
253	800
253	814
253	881
254	441
254	683
254	791
254	851
254	857
254	894
254	919
255	621
256	435
256	465
257	369
257	466
257	615
258	663
259	343
259	842
259	930
260	304
260	402
260	730
260	973
261	704
262	445
262	474
262	806
262	817
262	995
263	315
263	672
263	682
263	727
264	282
264	336
264	447
265	271
265	280
265	329
265	371
265	482
265	622
266	365
266	498
266	569
266	782
266	866
266	919
266	958
267	566
268	362
268	560
268	710
269	300
269	472
269	871
269	894
271	285
271	379
271	633
271	702
271	858
271	972
272	709
272	717
273	346
273	516
273	684
273	864
273	978
274	310
274	475
274	953
274	998
275	294
276	831
277	816
277	906
277	963
278	415
278	597
278	721
278	771
278	780
278	841
279	315
279	362
279	742
279	977
280	408
280	580
281	453
282	439
282	600
282	885
283	425
283	819
284	826
285	567
285	741
286	481
286	497
286	529
286	545
286	674
287	304
287	675
288	381
288	787
288	807
289	367
289	492
289	590
289	900
290	293
290	407
290	968
291	867
291	956
292	307
292	432
292	487
292	574
293	312
293	387
293	465
293	528
293	589
293	636
293	679
293	981
294	314
294	678
295	476
295	483
295	776
295	858
296	368
296	493
297	679
298	356
298	364
298	383
298	498
298	534
298	832
298	902
298	914
300	365
300	547
300	662
300	701
300	747
301	332
301	570
301	587
301	746
303	305
303	329
304	388
304	390
304	653
305	333
305	437
305	709
306	338
306	460
306	501
306	820
306	921
307	318
307	353
307	402
307	428
307	497
307	677
307	827
308	422
308	433
308	491
308	697
308	967
309	483
309	961
310	631
311	578
311	640
312	322
312	469
312	506
312	915
312	918
313	529
313	598
313	713
314	460
314	505
314	837
314	869
314	875
314	933
315	334
315	357
315	395
315	509
315	542
315	743
316	452
317	399
317	496
317	507
317	589
318	752
319	442
319	533
319	646
319	820
319	919
321	383
321	508
321	525
321	526
321	683
321	768
321	802
322	397
322	424
322	553
322	743
322	844
323	396
323	738
323	765
323	793
323	810
323	966
323	986
324	506
324	996
325	392
325	461
325	486
325	524
325	578
325	818
325	835
325	908
326	451
326	458
326	589
327	743
327	998
328	655
328	928
329	451
329	625
329	728
329	825
329	899
330	460
330	663
330	702
330	992
331	335
331	377
331	718
331	812
332	391
332	599
332	854
333	398
333	466
333	774
333	786
333	864
333	951
334	377
334	510
334	517
334	624
334	895
335	355
335	449
335	471
335	603
335	704
335	735
335	895
336	428
336	638
336	657
336	840
336	917
337	360
337	558
338	356
338	862
338	907
339	403
339	415
339	573
339	596
340	540
341	717
341	896
341	905
341	960
342	454
342	485
342	726
343	478
343	532
344	434
344	582
344	795
345	386
345	560
346	348
346	566
346	758
346	761
346	782
346	936
347	483
347	908
348	758
349	414
349	443
349	463
349	596
349	777
350	369
351	479
351	656
351	657
352	448
352	459
352	540
352	558
352	823
354	374
354	933
356	468
356	798
356	831
356	924
357	774
358	545
359	405
359	987
360	387
360	583
360	627
360	689
361	732
361	836
361	913
362	372
363	568
363	723
363	968
364	502
365	496
365	515
365	705
365	774
365	781
365	825
365	976
366	923
367	435
367	471
367	678
367	756
368	652
368	704
370	556
371	620
371	631
371	665
371	805
372	500
372	630
372	648
372	704
373	590
374	501
374	551
374	608
374	715
374	905
375	988
376	386
376	726
379	543
380	630
380	659
380	901
380	912
381	484
381	530
381	651
382	746
383	457
383	742
384	670
384	722
385	652
385	971
386	462
389	518
390	427
390	436
390	504
390	733
390	887
391	393
391	512
391	762
391	981
392	904
393	504
393	736
393	824
393	914
395	494
395	647
395	730
396	597
396	973
398	814
398	852
398	964
399	426
400	658
401	541
402	477
402	487
402	518
402	525
402	537
402	618
402	850
402	878
404	429
404	463
404	487
404	672
404	830
404	975
405	668
405	690
405	815
406	539
406	582
406	649
407	558
407	718
407	754
407	803
407	814
407	935
408	468
408	483
408	640
408	661
408	780
409	421
409	449
409	706
411	846
412	755
413	669
413	688
414	416
415	783
415	811
416	828
417	907
418	925
419	901
419	947
420	909
422	740
423	550
423	807
423	842
425	537
425	550
425	552
425	598
425	608
426	530
427	870
427	927
428	591
429	627
429	769
430	642
432	433
432	625
432	692
436	454
436	513
436	659
436	890
439	469
439	573
439	756
439	965
440	799
440	910
442	513
443	681
444	544
444	946
445	487
445	607
445	950
446	688
446	989
447	456
447	790
447	951
448	473
448	520
448	803
451	512
451	827
451	939
452	562
452	765
452	991
455	547
455	716
456	560
456	564
457	488
457	619
458	533
458	548
458	592
458	621
458	738
458	817
458	952
460	502
460	650
460	727
460	738
460	970
462	491
463	872
464	577
464	605
464	661
464	731
464	734
464	863
465	504
465	830
466	479
466	613
467	482
467	485
467	537
467	887
469	632
472	711
472	874
475	545
476	508
476	549
477	872
479	562
479	613
480	626
480	671
482	694
483	512
484	769
484	782
484	903
484	911
485	505
485	740
486	707
486	948
488	599
488	769
488	792
488	842
489	611
489	616
489	815
489	861
489	935
490	507
490	511
490	597
492	539
492	664
492	718
492	734
492	746
492	871
493	587
495	766
495	960
496	813
498	784
499	521
501	558
501	598
501	614
501	635
501	644
501	840
502	509
503	521
503	672
503	757
504	525
504	855
504	918
505	739
505	812
506	977
509	527
509	685
509	701
509	866
511	571
511	720
513	531
513	972
514	769
517	747
518	651
518	758
519	610
519	677
519	680
519	753
519	763
519	810
519	877
519	929
519	931
519	963
520	654
520	858
523	883
526	773
527	540
528	980
529	689
530	706
532	756
535	554
535	684
535	907
537	706
538	855
539	765
539	992
540	816
541	544
542	760
543	603
543	972
544	646
544	830
546	692
547	941
548	571
548	835
549	665
549	768
550	596
550	624
550	764
550	820
550	891
551	681
551	983
552	832
553	667
553	676
553	708
555	666
555	676
556	606
558	880
560	677
560	924
561	821
562	779
563	680
563	686
563	985
565	801
566	834
566	860
567	578
567	935
569	670
569	736
570	814
570	822
571	859
574	882
574	926
574	948
578	750
578	884
578	951
579	598
579	857
581	924
582	654
582	676
582	703
582	767
582	867
583	864
585	997
587	848
588	971
589	940
590	770
594	745
594	808
594	824
595	617
596	643
597	639
597	647
598	700
598	705
600	835
600	993
603	793
604	822
608	673
608	893
610	677
611	848
612	843
614	910
615	923
615	934
621	918
622	634
622	788
622	933
623	724
623	791
623	805
624	729
624	985
625	629
625	871
625	945
626	783
626	855
628	724
629	761
630	985
630	986
633	719
634	818
637	751
637	888
637	946
638	716
639	724
641	984
643	801
643	924
648	715
648	771
648	805
648	952
651	950
653	685
653	818
653	931
653	950
654	823
654	843
654	913
658	839
659	722
659	995
661	716
661	780
661	816
661	866
663	727
664	734
665	811
665	873
668	789
669	777
669	838
670	821
670	895
671	750
671	898
672	960
673	712
675	822
675	947
676	925
679	745
682	787
683	723
683	994
684	775
684	988
685	721
687	723
688	872
690	907
693	755
693	800
694	753
694	938
694	964
694	985
695	884
696	819
698	732
699	922
699	962
701	920
707	882
710	938
710	941
710	959
712	782
712	984
715	926
715	993
717	810
717	955
717	959
723	803
729	786
730	824
730	898
734	809
735	778
735	894
736	836
738	948
741	833
745	766
749	979
754	781
755	764
756	946
756	991
760	827
760	930
761	789
761	796
763	813
763	826
770	844
775	818
776	806
776	913
780	835
782	961
786	868
787	799
793	937
794	973
795	913
797	799
797	928
799	900
801	923
803	902
804	927
805	922
805	996
806	941
807	882
809	888
809	897
813	869
818	875
824	834
824	887
825	849
825	889
830	847
831	936
833	860
833	889
834	937
835	897
841	889
841	976
847	856
847	947
850	881
857	880
861	891
863	989
865	934
867	944
869	925
873	883
874	922
881	954
882	890
896	993
897	996
898	942
903	955
904	929
905	940
905	982
908	992
920	954
921	922
921	980
927	945
931	950
931	969
938	974
944	965
951	977
951	979
951	994
952	983
959	965
