0	1
0	2
0	3
0	4
0	5
0	6
0	7
0	8
0	10
0	11
0	13
0	16
0	19
0	21
0	23
0	26
0	27
0	28
0	31
0	33
0	36
0	37
0	38
0	44
0	45
0	49
0	51
0	54
0	55
0	57
0	61
0	67
0	69
0	80
0	90
0	96
0	102
0	106
0	108
0	121
0	130
0	133
0	134
0	137
0	153
0	170
0	171
0	179
0	225
0	235
0	240
0	247
0	255
0	259
0	263
0	266
0	271
0	294
0	298
0	301
0	304
0	320
0	323
0	332
0	343
0	344
0	345
0	346
0	348
0	353
0	354
0	378
0	383
0	387
0	389
0	404
0	451
0	471
0	478
0	488
0	499
0	501
0	505
0	516
0	540
0	544
0	546
0	552
0	562
0	565
0	567
0	568
0	570
0	571
0	572
0	579
0	592
0	594
0	596
0	606
0	614
0	639
0	644
0	650
0	653
0	658
0	667
0	669
0	675
0	676
0	688
0	692
0	695
0	701
0	709
0	719
0	720
0	746
0	749
0	761
0	774
0	777
0	810
0	816
0	822
0	826
0	857
0	880
0	889
0	932
0	948
0	961
0	967
0	991
0	996
1	6
1	8
1	9
1	11
1	20
1	25
1	28
1	30
1	60
1	61
1	65
1	82
1	84
1	85
1	86
1	93
1	98
1	102
1	105
1	142
1	153
1	154
1	155
1	162
1	183
1	218
1	258
1	266
1	286
1	291
1	310
1	320
1	329
1	343
1	363
1	387
1	406
1	421
1	430
1	434
1	435
1	509
1	512
1	580
1	632
1	635
1	660
1	688
1	700
1	707
1	710
1	720
1	734
1	777
1	799
1	823
1	827
1	858
1	916
1	918
1	942
1	949
1	965
1	971
1	972
1	991
2	6
2	7
2	9
2	10
2	12
2	13
2	14
2	18
2	26
2	27
2	32
2	40
2	42
2	58
2	63
2	65
2	75
2	97
2	109
2	128
2	129
2	136
2	168
2	200
2	241
2	247
2	270
2	271
2	274
2	279
2	284
2	316
2	327
2	333
2	343
2	349
2	354
2	355
2	380
2	398
2	446
2	456
2	466
2	487
2	506
2	508
2	514
2	543
2	550
2	556
2	563
2	584
2	586
2	621
2	632
2	633
2	634
2	744
2	752
2	831
2	844
2	891
2	893
2	952
2	969
3	6
3	9
3	10
3	13
3	19
3	22
3	24
3	33
3	35
3	36
3	49
3	54
3	57
3	58
3	98
3	107
3	118
3	123
3	143
3	193
3	199
3	200
3	214
3	220
3	275
3	283
3	294
3	302
3	332
3	419
3	453
3	479
3	480
3	513
3	519
3	530
3	560
3	567
3	611
3	660
3	679
3	680
3	744
3	804
3	842
3	891
3	893
3	934
4	6
4	7
4	8
4	14
4	15
4	16
4	18
4	23
4	26
4	29
4	30
4	31
4	46
4	49
4	50
4	54
4	69
4	73
4	88
4	96
4	97
4	103
4	105
4	113
4	118
4	135
4	151
4	160
4	167
4	173
4	176
4	201
4	205
4	272
4	273
4	295
4	361
4	381
4	401
4	434
4	486
4	549
4	590
4	657
4	682
4	707
4	723
4	805
4	874
4	888
4	954
4	993
5	7
5	8
5	11
5	12
5	15
5	16
5	23
5	29
5	48
5	52
5	55
5	57
5	65
5	68
5	71
5	83
5	97
5	119
5	131
5	152
5	167
5	217
5	233
5	242
5	283
5	289
5	291
5	309
5	311
5	340
5	352
5	364
5	387
5	398
5	402
5	429
5	445
5	462
5	507
5	517
5	530
5	575
5	578
5	612
5	617
5	641
5	644
5	733
5	739
5	747
5	754
5	811
5	861
5	864
6	7
6	8
6	9
6	10
6	11
6	12
6	13
6	14
6	15
6	16
6	17
6	18
6	19
6	20
6	22
6	24
6	25
6	27
6	28
6	29
6	31
6	32
6	34
6	35
6	36
6	37
6	39
6	40
6	44
6	46
6	47
6	49
6	50
6	51
6	52
6	55
6	56
6	70
6	72
6	74
6	79
6	85
6	90
6	93
6	100
6	102
6	110
6	114
6	120
6	124
6	126
6	130
6	135
6	136
6	137
6	138
6	141
6	144
6	145
6	146
6	161
6	163
6	170
6	175
6	177
6	178
6	179
6	189
6	201
6	202
6	215
6	219
6	230
6	247
6	251
6	263
6	267
6	310
6	316
6	319
6	331
6	333
6	335
6	341
6	351
6	357
6	361
6	362
6	367
6	371
6	381
6	391
6	394
6	399
6	408
6	409
6	414
6	417
6	432
6	464
6	485
6	497
6	501
6	524
6	525
6	552
6	557
6	558
6	559
6	561
6	626
6	630
6	638
6	653
6	675
6	685
6	686
6	699
6	702
6	704
6	735
6	741
6	742
6	768
6	788
6	790
6	815
6	818
6	827
6	836
6	863
6	931
6	950
6	961
6	964
6	984
6	987
6	992
6	996
7	9
7	10
7	11
7	12
7	14
7	18
7	20
7	35
7	38
7	39
7	41
7	64
7	75
7	89
7	101
7	110
7	111
7	114
7	136
7	137
7	158
7	163
7	169
7	187
7	190
7	198
7	213
7	219
7	222
7	229
7	249
7	250
7	288
7	314
7	342
7	356
7	376
7	422
7	455
7	468
7	486
7	487
7	519
7	529
7	588
7	624
7	674
7	685
7	693
7	703
7	706
7	778
7	801
7	821
7	828
7	853
7	858
7	859
7	927
7	974
8	12
8	13
8	15
8	17
8	18
8	20
8	22
8	29
8	36
8	56
8	63
8	69
8	77
8	103
8	113
8	117
8	118
8	120
8	133
8	134
8	144
8	157
8	167
8	199
8	206
8	218
8	223
8	232
8	234
8	235
8	254
8	256
8	278
8	285
8	308
8	339
8	361
8	362
8	373
8	427
8	440
8	456
8	494
8	497
8	500
8	514
8	635
8	736
8	774
8	901
8	924
8	944
8	962
9	41
9	48
9	65
9	73
9	76
9	80
9	88
9	92
9	104
9	134
9	135
9	172
9	196
9	253
9	317
9	329
9	360
9	402
9	462
9	479
9	532
9	577
9	633
9	666
9	681
9	694
9	801
9	841
9	852
9	856
9	969
10	14
10	17
10	25
10	32
10	43
10	103
10	155
10	199
10	248
10	290
10	303
10	382
10	398
10	436
10	473
10	496
10	505
10	514
10	666
10	680
10	717
10	720
10	739
10	747
10	798
10	853
10	901
11	15
11	17
11	19
11	21
11	24
11	25
11	28
11	30
11	48
11	54
11	58
11	59
11	62
11	66
11	78
11	111
11	116
11	127
11	132
11	139
11	143
11	152
11	154
11	176
11	227
11	239
11	240
11	249
11	266
11	306
11	328
11	360
11	367
11	383
11	412
11	417
11	428
11	469
11	499
11	532
11	569
11	599
11	620
11	665
11	667
11	680
11	686
11	877
11	878
11	933
11	971
11	992
12	16
12	26
12	43
12	63
12	65
12	73
12	84
12	95
12	126
12	136
12	143
12	146
12	188
12	208
12	209
12	223
12	249
12	259
12	279
12	284
12	298
12	303
12	308
12	311
12	313
12	326
12	464
12	488
12	498
12	520
12	522
12	564
12	578
12	583
12	663
12	714
12	721
12	735
12	797
12	921
12	922
12	973
12	997
13	19
13	22
13	31
13	39
13	46
13	56
13	58
13	60
13	67
13	83
13	94
13	97
13	112
13	121
13	125
13	133
13	175
13	192
13	197
13	222
13	231
13	232
13	233
13	275
13	276
13	280
13	283
13	303
13	329
13	344
13	366
13	376
13	379
13	394
13	401
13	492
13	557
13	565
13	604
13	648
13	649
13	689
13	696
13	724
13	773
13	796
13	822
13	826
13	827
13	854
13	855
13	873
13	949
13	960
13	963
13	986
14	21
14	24
14	26
14	27
14	31
14	35
14	45
14	52
14	92
14	98
14	115
14	123
14	126
14	130
14	137
14	142
14	152
14	162
14	179
14	182
14	195
14	213
14	269
14	290
14	311
14	325
14	340
14	362
14	370
14	381
14	408
14	429
14	448
14	467
14	481
14	518
14	535
14	539
14	603
14	607
14	614
14	747
14	771
14	849
14	876
14	919
14	957
14	959
14	970
14	987
15	28
15	55
15	101
15	142
15	148
15	229
15	231
15	325
15	359
15	441
15	462
15	516
15	518
15	634
15	657
15	674
15	724
15	791
15	839
16	17
16	34
16	42
16	96
16	98
16	114
16	141
16	146
16	166
16	196
16	211
16	216
16	225
16	249
16	253
16	263
16	280
16	281
16	291
16	343
16	357
16	377
16	388
16	393
16	406
16	425
16	446
16	568
16	580
16	593
16	739
16	758
16	759
16	767
16	790
16	808
16	839
16	884
16	897
16	936
16	970
17	20
17	21
17	22
17	34
17	40
17	62
17	63
17	71
17	74
17	82
17	83
17	89
17	124
17	167
17	168
17	177
17	192
17	239
17	251
17	254
17	286
17	287
17	289
17	301
17	370
17	412
17	432
17	435
17	438
17	451
17	452
17	465
17	491
17	555
17	605
17	720
17	722
17	753
17	761
17	817
17	838
17	858
17	875
18	37
18	42
18	43
18	55
18	60
18	63
18	120
18	131
18	155
18	161
18	184
18	186
18	211
18	234
18	237
18	290
18	337
18	351
18	355
18	397
18	404
18	419
18	423
18	430
18	435
18	447
18	458
18	513
18	549
18	616
18	640
18	646
18	820
18	952
18	990
18	993
19	21
19	23
19	32
19	38
19	40
19	46
19	48
19	53
19	56
19	59
19	69
19	70
19	72
19	77
19	90
19	91
19	92
19	116
19	117
19	122
19	135
19	141
19	147
19	153
19	158
19	179
19	197
19	253
19	277
19	318
19	329
19	339
19	343
19	347
19	350
19	372
19	387
19	465
19	514
19	525
19	536
19	562
19	572
19	658
19	679
19	690
19	698
19	715
19	757
19	769
19	773
19	814
19	847
19	851
19	946
19	951
19	996
20	30
20	33
20	38
20	42
20	50
20	59
20	60
20	62
20	115
20	124
20	165
20	190
20	197
20	220
20	221
20	231
20	235
20	289
20	297
20	311
20	319
20	366
20	466
20	477
20	494
20	520
20	531
20	544
20	553
20	590
20	598
20	620
20	629
20	748
20	780
20	788
20	794
20	829
20	887
21	23
21	25
21	27
21	29
21	30
21	39
21	42
21	43
21	61
21	75
21	88
21	103
21	110
21	156
21	175
21	183
21	276
21	308
21	315
21	327
21	337
21	368
21	400
21	480
21	547
21	573
21	679
21	683
21	685
21	706
21	741
21	753
21	755
21	823
21	850
21	883
21	907
21	977
22	195
22	233
22	539
22	671
22	871
23	24
23	33
23	131
23	274
23	369
23	390
23	707
23	715
23	776
24	32
24	39
24	40
24	53
24	70
24	71
24	73
24	75
24	88
24	95
24	140
24	147
24	195
24	207
24	212
24	218
24	228
24	255
24	310
24	358
24	372
24	380
24	399
24	414
24	434
24	444
24	450
24	457
24	491
24	523
24	548
24	581
24	592
24	612
24	713
24	754
24	759
24	826
24	840
24	903
24	958
24	961
25	45
25	93
25	177
25	284
25	328
25	381
25	403
25	481
25	495
25	704
25	789
25	799
25	800
25	891
25	963
26	45
26	47
26	100
26	152
26	410
26	420
26	450
26	517
26	664
26	689
26	700
26	834
26	838
26	883
27	67
27	74
27	76
27	77
27	80
27	122
27	164
27	167
27	169
27	171
27	206
27	207
27	236
27	271
27	314
27	317
27	363
27	402
27	413
27	500
27	555
27	576
27	585
27	601
27	608
27	701
27	848
27	870
27	915
27	918
27	985
28	36
28	37
28	38
28	53
28	58
28	60
28	70
28	74
28	84
28	85
28	90
28	92
28	96
28	111
28	120
28	131
28	133
28	134
28	138
28	143
28	156
28	157
28	159
28	163
28	171
28	200
28	204
28	215
28	225
28	233
28	238
28	331
28	352
28	354
28	405
28	409
28	452
28	459
28	465
28	468
28	482
28	486
28	490
28	494
28	498
28	508
28	531
28	596
28	601
28	604
28	627
28	634
28	646
28	693
28	704
28	792
28	812
28	831
28	832
28	833
28	853
28	862
28	914
28	925
28	974
28	992
28	994
29	34
29	41
29	50
29	70
29	72
29	114
29	123
29	125
29	139
29	170
29	221
29	264
29	306
29	323
29	359
29	453
29	460
29	461
29	470
29	491
29	527
29	540
29	582
29	619
29	681
29	773
29	877
29	997
30	33
30	37
30	127
30	169
30	174
30	176
30	181
30	182
30	276
30	456
30	562
30	664
30	727
30	788
30	864
30	873
30	921
30	973
30	975
31	41
31	44
31	52
31	53
31	61
31	88
31	91
31	105
31	109
31	115
31	125
31	140
31	152
31	166
31	190
31	193
31	207
31	210
31	219
31	281
31	292
31	318
31	368
31	374
31	462
31	485
31	546
31	580
31	588
31	613
31	630
31	700
31	957
32	34
32	49
32	87
32	94
32	104
32	187
32	194
32	286
32	309
32	423
32	433
32	454
32	563
32	583
32	659
32	762
32	889
33	48
33	64
33	91
33	100
33	111
33	112
33	143
33	189
33	190
33	237
33	255
33	271
33	282
33	378
33	449
33	487
33	505
33	611
33	620
33	712
33	730
33	991
34	35
34	47
34	52
34	72
34	74
34	76
34	77
34	87
34	89
34	94
34	130
34	140
34	154
34	165
34	168
34	172
34	202
34	203
34	260
34	273
34	282
34	318
34	325
34	360
34	383
34	397
34	442
34	508
34	574
34	588
34	703
34	708
34	765
34	769
34	802
34	814
34	863
34	868
34	885
34	922
35	46
35	79
35	82
35	83
35	89
35	102
35	118
35	156
35	164
35	196
35	206
35	215
35	223
35	225
35	226
35	230
35	236
35	254
35	384
35	385
35	388
35	399
35	446
35	449
35	471
35	515
35	560
35	587
35	611
35	621
35	638
35	671
35	732
35	737
35	807
35	895
35	899
35	902
35	909
35	962
35	981
35	998
36	45
36	54
36	61
36	85
36	139
36	170
36	176
36	203
36	264
36	270
36	298
36	299
36	355
36	424
36	493
36	546
36	566
36	591
36	594
36	614
36	645
36	805
37	43
37	68
37	81
37	84
37	85
37	141
37	156
37	175
37	182
37	185
37	212
37	238
37	239
37	266
37	296
37	341
37	358
37	363
37	411
37	437
37	476
37	553
37	636
37	657
37	699
37	715
37	819
37	906
37	970
38	44
38	59
38	119
38	160
38	194
38	211
38	298
38	445
38	456
38	688
38	745
38	923
39	41
39	112
39	122
39	128
39	242
39	268
39	294
39	360
39	504
39	623
39	675
39	692
39	794
39	818
39	841
40	51
40	59
40	68
40	87
40	95
40	104
40	105
40	113
40	115
40	137
40	148
40	151
40	160
40	168
40	172
40	178
40	188
40	195
40	203
40	205
40	212
40	216
40	228
40	288
40	304
40	331
40	338
40	342
40	345
40	368
40	391
40	411
40	418
40	423
40	447
40	455
40	559
40	569
40	577
40	618
40	619
40	710
40	728
40	730
40	787
40	806
40	859
40	870
40	913
40	952
40	976
40	977
40	978
40	994
41	57
41	99
41	109
41	126
41	193
41	216
41	227
41	243
41	250
41	357
41	399
41	646
41	698
41	847
41	875
42	44
42	51
42	53
42	75
42	89
42	101
42	107
42	176
42	211
42	252
42	342
42	353
42	377
42	468
42	472
42	477
42	504
42	602
42	849
42	980
43	47
43	67
43	86
43	106
43	107
43	108
43	114
43	122
43	124
43	130
43	131
43	156
43	168
43	221
43	224
43	240
43	241
43	248
43	335
43	353
43	397
43	402
43	445
43	463
43	472
43	549
43	568
43	614
43	635
43	643
43	661
43	806
43	825
43	941
43	977
44	47
44	87
44	116
44	151
44	165
44	219
44	260
44	337
44	478
44	493
44	542
44	602
44	747
44	809
44	859
44	889
45	62
45	66
45	92
45	106
45	129
45	150
45	157
45	178
45	356
45	419
45	514
45	623
45	652
45	687
46	121
46	138
46	258
46	304
46	406
46	416
46	535
46	558
47	50
47	51
47	56
47	80
47	82
47	86
47	117
47	132
47	144
47	151
47	159
47	187
47	192
47	204
47	217
47	242
47	312
47	347
47	379
47	409
47	422
47	429
47	493
47	509
47	515
47	544
47	574
47	608
47	610
47	668
47	722
47	727
47	751
47	770
47	778
47	831
47	861
47	957
47	960
47	966
47	994
48	209
48	277
48	324
48	370
48	395
48	428
48	439
48	443
48	507
48	633
48	937
48	944
48	975
48	997
49	57
49	62
49	64
49	116
49	117
49	129
49	134
49	162
49	180
49	245
49	316
49	373
49	449
49	496
49	511
49	618
49	817
49	860
50	71
50	95
50	99
50	100
50	108
50	178
50	191
50	234
50	258
50	276
50	280
50	287
50	388
50	436
50	457
50	554
50	566
50	579
50	640
50	706
50	783
50	822
50	834
50	859
50	911
50	953
51	76
51	79
51	91
51	98
51	108
51	121
51	132
51	374
51	410
51	412
51	436
51	567
51	890
51	904
51	941
51	981
52	66
52	86
52	227
52	236
52	257
52	362
52	392
52	473
52	532
52	847
53	97
53	103
53	118
53	139
53	149
53	159
53	252
53	411
53	480
53	548
53	589
53	592
53	653
53	682
53	795
53	870
53	915
53	962
54	67
54	81
54	106
54	148
54	159
54	187
54	210
54	447
54	563
54	582
54	629
54	660
54	719
55	64
55	79
55	312
55	467
55	561
55	657
55	848
55	887
56	68
56	78
56	96
56	101
56	107
56	112
56	146
56	166
56	254
56	297
56	301
56	330
56	335
56	407
56	529
56	581
56	585
56	597
56	643
56	682
56	761
56	857
56	873
56	926
56	974
57	86
57	127
57	140
57	146
57	147
57	172
57	181
57	184
57	191
57	193
57	203
57	248
57	274
57	475
57	710
57	769
57	841
57	879
57	905
58	93
58	112
58	113
58	136
58	180
58	201
58	204
58	306
58	375
58	378
58	460
58	516
58	698
58	750
58	785
58	851
58	907
59	64
59	69
59	72
59	84
59	198
59	258
59	297
59	305
59	352
59	375
59	399
59	409
59	466
59	512
59	625
59	695
59	897
59	949
60	66
60	68
60	82
60	83
60	110
60	128
60	132
60	164
60	185
60	233
60	267
60	299
60	396
60	405
60	426
60	443
60	526
60	598
60	605
60	662
60	711
60	736
60	800
60	896
60	920
60	936
60	999
61	66
61	76
61	77
61	142
61	180
61	217
61	257
61	295
61	336
61	341
61	359
61	429
61	506
61	519
61	564
61	590
61	625
61	681
61	885
61	912
61	988
62	71
62	261
62	262
62	427
62	537
62	645
62	660
62	682
62	806
62	946
63	150
63	197
63	202
63	230
63	428
63	488
63	542
63	569
63	647
63	743
63	775
63	898
64	81
64	106
64	133
64	149
64	185
64	212
64	238
64	270
64	304
64	319
64	322
64	341
64	378
64	380
64	422
64	430
64	439
64	465
64	497
64	509
64	527
64	548
64	601
64	718
64	817
64	872
64	900
64	913
64	930
65	78
65	81
65	91
65	100
65	111
65	123
65	138
65	149
65	155
65	186
65	243
65	250
65	287
65	288
65	300
65	305
65	392
65	396
65	433
65	468
65	469
65	479
65	495
65	517
65	547
65	575
65	608
65	650
65	661
65	677
65	793
65	843
65	844
65	878
65	930
65	959
66	142
66	189
66	204
66	348
66	500
66	571
66	623
66	702
66	705
67	178
67	188
67	211
67	275
67	281
67	332
67	333
67	355
67	361
67	384
67	535
67	538
67	560
67	660
67	829
67	958
67	963
67	968
68	166
68	180
68	214
68	259
68	305
68	553
68	626
68	723
68	760
68	842
68	870
68	886
68	895
68	904
68	942
68	965
69	73
69	145
69	218
69	245
69	254
69	293
69	367
69	382
69	485
69	640
69	688
69	769
69	840
69	856
69	886
69	898
70	145
70	169
70	365
70	426
70	430
70	483
70	637
70	900
70	991
71	154
71	161
71	364
71	576
71	606
71	775
71	789
71	985
72	78
72	81
72	94
72	192
72	260
72	275
72	331
72	434
72	444
72	512
72	791
72	906
73	105
73	109
73	183
73	194
73	238
73	541
73	663
73	731
73	802
73	996
74	164
74	205
74	232
74	474
74	561
74	809
75	78
75	101
75	102
75	165
75	173
75	182
75	223
75	252
75	365
75	394
75	402
75	430
75	433
75	476
75	622
75	636
75	647
75	648
75	705
75	796
75	838
75	923
76	79
76	128
76	166
76	192
76	201
76	239
76	253
76	327
76	350
76	452
76	484
76	527
76	570
76	576
76	597
76	611
76	668
76	733
76	763
76	778
77	209
77	317
77	373
77	695
78	95
78	119
78	576
78	583
78	765
78	791
78	873
79	80
79	93
79	125
79	140
79	158
79	228
79	246
79	326
79	348
79	470
79	882
80	108
80	246
80	427
80	582
80	638
80	774
80	840
81	120
81	206
81	217
81	262
81	263
81	768
81	792
81	878
81	929
81	968
82	99
82	177
82	181
82	241
82	364
82	538
82	661
82	824
83	90
83	109
83	157
83	205
83	209
83	230
83	300
83	307
83	322
83	324
83	340
83	346
83	513
83	803
84	104
84	116
84	149
84	150
84	161
84	236
84	268
84	334
84	431
84	592
84	702
84	837
84	955
84	962
84	975
85	87
85	145
85	170
85	210
85	257
85	375
85	642
85	651
85	903
85	928
86	151
86	250
86	274
86	470
86	471
86	481
86	490
86	500
86	527
86	533
86	550
86	691
86	698
86	808
87	99
87	371
87	464
87	494
87	501
87	522
87	558
87	568
87	986
88	107
88	119
88	283
88	372
88	400
88	431
88	526
88	530
88	607
88	619
88	875
89	125
89	129
89	138
89	237
89	266
89	317
89	416
89	444
89	453
89	489
89	581
89	722
89	927
90	194
90	256
90	323
90	363
90	425
90	546
90	717
90	748
91	104
91	123
91	163
91	208
91	220
91	224
91	244
91	249
91	251
91	255
91	261
91	292
91	301
91	309
91	369
91	374
91	388
91	443
91	448
91	492
91	529
91	573
91	635
91	639
91	714
91	772
91	810
91	812
91	896
91	923
91	932
91	979
91	984
92	126
92	158
92	220
92	226
92	261
92	366
92	382
92	554
92	717
92	786
92	833
93	94
93	99
93	247
93	278
93	299
93	321
93	344
93	357
93	455
93	559
93	630
93	854
93	933
93	963
94	117
94	139
94	141
94	199
94	219
94	224
94	258
94	262
94	328
94	336
94	376
94	386
94	421
94	551
94	588
94	766
94	926
95	148
95	302
95	432
95	476
95	619
96	171
96	172
96	207
96	238
96	245
96	256
96	330
96	483
96	490
96	545
96	759
96	947
96	976
97	385
97	390
97	392
97	396
97	749
98	384
98	483
98	596
98	625
98	687
98	734
98	798
98	871
99	318
99	512
99	765
100	173
100	186
100	199
100	268
100	295
100	296
100	301
100	340
100	472
100	523
100	525
100	556
100	563
100	699
100	718
100	740
100	851
100	982
101	417
101	652
101	821
102	113
102	145
102	160
102	398
102	401
102	496
102	577
102	637
102	642
102	824
103	147
103	191
103	285
103	293
103	305
103	395
103	450
103	478
103	535
103	596
103	624
103	629
103	650
103	654
103	655
103	689
103	839
103	922
103	995
104	132
104	173
104	189
104	198
104	483
104	614
104	639
104	823
104	963
105	147
105	159
105	162
105	169
105	201
105	203
105	213
105	222
105	242
105	248
105	252
105	259
105	260
105	296
105	389
105	454
105	490
105	495
105	517
105	532
105	661
105	685
105	693
106	110
106	144
106	150
106	246
106	279
106	475
106	526
106	621
106	625
106	756
106	824
106	916
106	974
107	188
107	348
107	474
108	121
108	153
108	184
108	188
108	213
108	244
108	315
108	427
108	936
108	938
109	119
109	122
109	124
109	339
109	353
109	509
109	541
109	598
109	646
109	785
109	815
109	945
110	303
110	490
110	502
110	745
110	868
110	893
110	940
111	128
111	250
111	292
111	513
111	640
111	654
111	778
111	781
111	797
111	803
111	821
111	880
112	115
112	155
112	295
112	315
112	415
112	421
112	536
112	580
112	646
112	768
113	171
113	268
113	502
113	697
114	552
114	738
115	290
115	458
115	472
115	530
115	688
115	922
116	129
116	196
116	217
116	265
116	324
116	344
116	355
116	389
117	127
117	214
117	267
117	326
117	365
117	388
117	424
117	425
117	426
117	513
117	576
117	629
117	655
117	667
117	728
117	822
117	843
117	901
118	150
118	154
118	182
118	251
118	296
118	299
118	352
118	354
118	373
118	396
118	400
118	451
118	459
118	626
118	694
118	713
118	736
118	848
118	897
118	945
118	968
119	173
119	180
119	200
119	202
119	231
119	256
119	314
119	327
119	370
119	440
119	441
119	504
119	519
119	554
119	603
119	766
119	881
120	206
120	237
120	441
120	598
120	603
120	779
120	877
121	208
121	248
121	351
121	366
121	506
121	631
121	736
121	827
121	913
122	149
122	244
122	253
122	537
122	548
122	779
122	890
122	990
123	135
123	158
123	385
123	413
123	424
123	451
123	566
123	729
123	827
123	849
123	871
123	999
124	127
124	148
124	160
124	265
124	346
124	613
124	683
124	825
125	144
125	179
125	214
125	470
125	478
126	243
126	278
126	302
126	347
126	699
126	719
126	869
127	310
127	501
127	524
128	224
128	272
128	285
128	369
128	516
128	559
128	696
129	186
129	191
129	278
129	452
129	492
129	604
129	615
129	813
129	836
129	910
130	174
130	207
130	518
130	521
130	565
130	605
130	673
130	749
130	830
131	163
132	161
132	183
132	186
132	228
132	245
132	273
132	417
132	655
132	717
132	743
132	823
132	833
132	879
132	890
132	931
133	229
133	507
133	509
133	722
133	731
133	835
134	442
134	609
135	164
135	269
135	349
135	379
135	420
135	431
135	676
135	955
135	956
136	241
136	392
136	798
136	860
136	868
137	272
137	361
137	365
137	410
137	520
137	579
137	631
137	746
137	844
138	234
138	242
138	269
138	280
138	307
138	479
138	555
138	632
138	665
138	732
138	754
138	772
139	187
139	240
139	323
139	407
139	732
139	751
139	824
140	313
140	510
140	522
140	570
140	939
140	981
141	414
141	551
141	567
141	866
142	265
142	270
142	299
142	418
142	510
143	157
143	285
143	291
143	305
143	327
143	520
143	687
143	766
143	831
143	945
143	953
144	271
144	300
144	386
144	391
144	405
144	448
144	450
144	464
144	573
144	671
144	697
144	799
144	843
144	957
145	153
145	162
145	226
145	274
145	336
145	412
145	438
145	536
145	787
146	208
146	209
146	294
146	322
146	394
146	511
146	536
146	590
146	594
146	676
146	681
146	780
146	834
146	892
146	902
147	193
147	198
147	284
147	312
147	330
147	359
147	367
147	404
147	506
147	609
147	734
147	912
148	190
148	225
148	267
148	286
148	561
148	570
148	624
148	770
148	793
149	185
149	215
149	280
149	339
149	377
149	381
149	482
149	511
149	531
149	656
149	705
149	733
149	825
149	914
149	948
149	952
150	218
150	386
150	461
150	605
150	697
150	712
150	934
151	183
151	515
151	928
151	956
152	177
152	202
152	245
152	398
152	595
152	872
152	935
153	235
154	191
154	364
154	401
154	587
154	653
154	823
154	848
154	939
155	165
155	196
155	294
155	313
155	390
155	422
155	730
155	762
155	856
155	923
156	338
156	350
156	358
156	405
156	658
156	754
156	756
157	379
157	411
157	542
157	654
157	666
158	174
158	282
158	549
158	861
158	934
159	174
159	184
159	261
159	265
159	277
159	336
159	403
159	420
159	436
159	502
159	517
159	540
159	620
159	622
159	689
159	741
159	783
159	795
159	799
159	940
160	208
160	243
160	308
160	314
160	550
160	592
160	651
160	811
160	845
160	950
161	200
161	336
161	436
162	223
162	297
162	315
162	342
162	440
162	451
162	569
162	671
163	181
163	195
163	323
163	328
163	365
163	367
163	368
163	543
163	552
163	704
163	773
163	843
164	175
164	198
164	222
164	246
164	559
164	561
164	771
165	216
165	980
167	259
167	585
167	615
168	189
168	571
168	601
169	247
169	390
169	448
169	595
169	674
169	706
169	726
170	221
170	325
170	438
170	445
170	589
170	741
171	220
171	659
171	673
172	174
172	366
173	241
173	244
173	447
173	482
174	181
174	213
174	228
174	229
174	244
174	297
174	523
174	529
174	855
174	964
175	458
175	534
176	282
176	288
176	335
176	348
176	387
176	504
176	609
176	684
176	811
176	863
176	891
177	347
177	363
177	481
177	650
177	786
177	931
178	224
178	226
178	380
178	413
178	586
178	656
178	712
178	751
178	781
178	953
179	212
179	279
179	442
179	654
179	714
180	234
180	268
180	326
180	415
180	547
180	554
180	677
180	813
181	184
181	185
181	267
181	288
181	320
181	324
181	333
181	385
181	558
181	612
181	613
181	629
181	730
181	864
182	216
182	226
182	320
182	846
182	989
183	194
183	272
183	307
183	400
183	524
183	600
183	670
184	262
184	460
184	479
184	636
184	698
184	778
184	800
184	881
184	939
185	235
185	329
185	364
185	431
185	508
185	533
185	774
185	786
185	859
186	205
186	237
186	265
186	415
186	452
186	528
186	974
187	404
187	485
187	568
187	881
187	932
188	319
188	716
188	749
188	855
189	204
189	232
189	277
189	293
189	321
189	339
189	371
189	480
189	557
189	618
189	725
189	743
189	803
189	826
189	867
190	215
190	426
190	433
190	711
190	840
190	989
191	306
192	243
192	257
192	264
192	314
192	356
192	491
192	703
192	864
192	871
193	222
193	227
193	287
193	304
193	320
193	439
193	542
193	702
193	815
193	894
193	910
193	986
194	197
194	246
194	260
194	350
194	435
194	449
194	521
194	535
194	560
194	755
195	284
195	321
195	334
195	406
195	435
195	463
195	470
195	586
195	600
195	606
195	618
195	829
195	883
195	909
195	940
195	959
196	227
196	232
196	426
196	437
196	631
196	645
196	884
197	322
197	330
197	376
197	453
197	462
197	463
197	954
198	257
198	418
198	461
199	264
199	269
199	890
199	936
200	210
200	221
200	289
200	309
200	412
200	425
200	537
200	546
200	719
200	841
200	942
201	214
201	290
201	492
201	678
201	766
202	210
202	318
202	338
202	486
202	679
202	819
202	902
203	231
203	255
203	998
204	240
204	331
204	444
204	475
204	507
204	578
204	616
204	734
204	809
204	869
204	906
204	966
205	263
205	372
205	528
205	672
205	686
205	709
206	469
206	496
206	744
206	791
207	533
207	751
207	952
208	270
208	467
208	519
208	696
209	703
210	229
210	300
210	313
210	417
210	484
210	495
210	641
210	672
210	806
210	809
210	830
210	874
210	945
211	278
211	291
211	307
211	312
211	332
211	353
211	395
211	661
211	905
212	295
212	471
212	476
212	500
212	522
212	603
212	621
212	732
212	929
213	262
213	645
213	837
213	921
213	922
214	273
215	338
215	455
215	900
215	992
216	816
217	261
217	311
217	458
217	472
217	545
217	563
217	574
217	725
217	829
218	292
218	334
218	540
218	544
218	595
219	239
219	493
219	744
219	882
220	281
220	319
220	389
220	393
220	434
220	534
221	543
221	553
221	555
221	665
221	925
223	230
223	252
223	420
223	533
223	666
223	707
223	708
223	784
223	917
224	236
224	865
224	970
225	273
225	372
225	675
225	909
226	406
226	458
226	524
226	807
226	993
227	828
227	958
228	345
228	779
229	382
229	454
229	556
229	708
229	796
230	583
230	607
230	620
230	926
231	418
231	955
232	394
232	713
232	721
232	743
232	810
233	391
233	456
233	494
233	685
234	505
234	667
235	276
235	506
235	658
235	676
236	324
236	469
236	474
236	586
236	998
237	316
237	337
237	344
237	345
237	349
237	497
237	524
237	811
237	909
238	421
238	758
238	781
239	287
239	410
239	564
240	312
240	321
240	333
240	384
240	591
241	480
241	673
241	846
242	269
242	303
242	433
242	734
242	745
242	825
243	498
243	679
243	757
244	504
244	714
244	786
244	839
245	264
245	560
245	857
245	951
246	356
246	793
247	251
247	285
247	298
247	315
247	374
247	427
247	437
247	460
247	691
247	745
247	785
247	786
247	850
248	334
248	407
248	457
248	642
248	804
248	865
249	256
249	357
249	377
249	522
249	545
249	550
249	585
249	648
249	711
249	727
249	782
249	784
249	906
249	954
250	397
250	648
250	740
250	908
251	508
251	757
252	272
252	349
252	521
252	761
252	937
253	335
253	393
253	423
253	497
253	551
253	668
253	802
253	872
253	911
253	956
254	405
254	466
254	488
254	872
254	919
255	300
255	386
255	750
255	892
255	947
256	313
256	380
256	459
256	989
257	370
257	439
257	515
257	631
257	904
258	389
258	454
258	888
259	438
260	309
260	418
260	484
260	573
260	750
260	756
260	875
261	275
261	441
261	871
262	286
262	302
262	325
262	454
262	572
262	710
262	852
262	969
263	317
263	379
263	416
263	503
263	521
263	575
264	446
264	503
264	596
264	652
264	770
264	905
264	929
265	481
265	628
266	352
266	695
266	865
267	306
267	393
267	543
267	609
267	652
267	879
267	982
268	425
268	575
268	593
268	662
268	674
268	757
269	346
269	477
269	757
269	894
270	279
270	293
270	383
270	482
270	622
270	666
270	748
270	867
271	293
271	573
271	830
271	835
271	873
272	321
272	354
273	277
273	281
273	282
273	292
273	307
273	316
273	322
273	345
273	498
273	523
273	582
273	588
273	602
273	610
273	684
273	731
273	881
273	894
273	902
273	908
273	965
273	973
274	537
274	728
275	395
275	396
275	428
275	529
275	539
275	599
275	776
276	449
276	758
276	796
277	283
277	815
277	925
278	358
278	663
278	772
278	857
278	985
279	358
279	520
279	762
279	976
280	599
280	607
280	690
280	727
281	302
281	503
281	584
281	621
281	678
281	705
282	289
282	332
282	443
282	489
282	630
282	737
282	742
282	770
282	775
283	308
283	310
283	340
283	409
283	421
283	485
283	600
283	624
283	647
283	899
283	905
283	921
284	347
284	377
284	552
285	334
285	368
285	467
285	593
286	383
286	437
286	496
287	465
287	526
287	907
288	565
288	633
289	359
289	440
289	562
289	682
289	959
290	833
291	326
291	397
291	432
291	528
291	531
291	623
291	678
291	837
292	487
292	498
292	507
292	641
292	707
292	762
292	810
293	296
293	330
293	369
293	484
293	771
293	805
293	847
294	403
294	404
294	408
294	493
294	591
294	616
294	726
294	919
294	982
296	341
296	678
296	824
297	356
297	393
297	432
297	694
297	753
297	888
298	886
298	966
298	988
300	342
300	530
300	531
300	566
300	639
300	670
301	644
302	459
302	471
302	489
302	714
302	800
303	371
303	502
303	818
303	925
304	729
304	881
305	375
305	384
305	416
305	637
305	677
305	692
305	958
306	550
307	428
307	459
307	838
307	955
308	491
309	438
309	468
309	599
309	606
309	616
309	630
309	637
309	683
309	733
309	777
309	844
309	875
309	947
309	967
309	981
310	338
310	374
310	651
310	760
312	375
312	741
312	882
313	419
313	455
313	581
313	656
313	663
313	938
314	386
314	482
314	521
314	643
315	407
315	781
316	448
316	518
316	681
316	953
317	390
317	544
317	589
317	598
317	600
317	694
317	725
317	830
317	925
317	930
318	512
318	928
319	328
319	346
319	373
319	526
320	351
320	540
320	911
321	444
321	604
321	656
321	670
321	888
322	883
322	909
322	914
323	619
323	731
323	948
324	385
324	437
324	792
324	845
324	996
325	617
325	669
325	883
326	411
326	473
326	616
326	674
326	890
326	892
327	382
327	422
328	351
328	414
328	473
328	623
328	628
328	673
328	727
328	949
329	511
330	798
331	995
332	533
333	337
333	593
333	876
334	569
334	587
334	761
334	975
335	477
335	753
335	973
336	579
337	408
337	772
337	869
337	977
338	795
338	941
339	567
340	403
340	469
340	499
340	662
341	360
341	484
341	610
341	750
342	718
342	785
343	369
343	415
343	442
343	574
343	776
343	858
344	401
344	442
344	617
345	350
345	510
345	584
345	812
345	852
345	927
346	349
346	457
346	538
347	391
347	407
347	545
347	643
347	649
347	735
347	818
347	858
347	912
347	987
348	371
348	885
349	400
349	586
349	605
349	655
349	700
349	752
349	784
349	924
349	933
350	378
350	584
350	655
350	840
350	924
351	424
351	917
351	973
352	431
352	539
352	571
352	677
353	457
353	820
354	439
354	554
354	577
354	798
355	419
355	625
355	686
355	901
357	612
358	362
358	410
358	612
358	627
358	854
359	376
359	628
359	797
359	854
359	946
359	988
360	784
360	812
361	518
363	709
364	754
365	589
365	816
366	564
366	602
366	729
366	799
366	853
367	716
367	872
368	395
368	928
368	944
369	832
370	896
371	604
371	647
371	659
371	664
371	820
372	594
372	672
372	715
372	779
372	935
373	810
373	920
374	495
374	587
375	640
375	642
375	776
376	538
376	581
376	804
376	839
376	876
378	423
378	475
379	764
379	774
380	429
380	532
380	664
381	594
381	849
382	413
382	474
383	868
384	502
384	597
384	610
384	641
385	608
385	964
386	420
387	505
387	735
388	392
388	651
389	556
389	690
389	701
389	749
390	424
390	445
390	676
390	684
390	777
390	794
391	628
391	687
392	408
392	474
392	611
392	808
392	877
393	450
393	528
393	577
393	701
393	723
393	733
393	790
393	975
394	403
394	415
394	838
394	910
395	440
395	729
395	751
395	797
395	938
398	647
398	724
399	414
399	416
399	790
400	609
401	475
403	492
404	857
405	413
405	583
405	654
405	668
405	816
405	882
406	636
406	663
406	725
406	814
407	461
407	572
407	656
407	879
407	926
407	969
409	499
409	738
410	446
410	464
410	503
410	547
410	653
410	692
410	697
410	704
410	708
410	711
410	748
410	750
410	767
410	775
410	817
410	834
410	885
410	901
410	916
410	986
411	483
411	487
411	534
411	628
411	763
412	443
412	489
412	966
413	690
413	768
413	917
415	593
415	632
415	779
415	862
416	461
416	488
416	523
416	649
416	687
416	691
416	967
416	994
417	649
417	662
417	669
417	721
417	784
417	956
418	503
418	680
418	740
418	845
418	995
419	476
419	787
420	690
421	758
422	775
422	895
422	961
423	499
423	536
423	539
423	836
423	886
423	984
423	999
424	549
424	671
424	763
424	936
424	978
425	821
426	447
426	466
426	486
426	501
426	551
426	613
426	638
426	667
426	804
426	908
427	453
427	510
427	578
427	649
427	950
428	537
428	669
428	722
428	895
428	985
429	768
429	995
430	528
430	826
432	441
432	634
432	644
432	808
432	968
433	574
433	597
433	606
434	534
434	689
434	709
434	767
434	870
435	463
435	473
435	633
435	843
436	556
436	720
436	835
437	603
437	789
437	806
437	837
437	892
437	967
438	478
438	541
438	543
438	572
438	622
438	711
438	910
438	946
439	467
439	657
439	863
440	542
440	562
440	693
440	694
440	807
440	960
441	555
441	672
441	764
441	916
441	930
441	978
442	627
443	460
443	678
443	710
443	921
443	971
444	818
445	615
445	917
447	613
447	618
447	929
449	582
449	675
449	686
449	803
449	948
451	665
452	763
455	957
456	673
456	943
456	966
457	565
457	587
458	617
458	783
458	954
459	510
459	913
460	463
460	477
460	525
460	706
460	801
461	557
462	821
465	515
465	770
466	578
466	672
466	893
467	712
467	716
470	579
470	627
470	693
471	547
471	807
471	933
472	608
472	971
473	489
474	511
474	670
475	585
475	626
477	746
478	566
478	648
479	541
479	898
480	844
480	931
481	718
482	551
482	683
482	866
483	595
483	935
484	846
484	954
485	516
486	632
486	878
487	684
487	987
489	745
489	937
489	942
490	964
491	790
491	846
492	998
493	737
493	879
493	939
494	664
494	991
495	595
495	742
495	861
497	607
499	525
499	643
499	659
502	527
502	726
502	737
502	740
502	889
503	553
503	731
504	548
504	788
505	589
505	860
505	889
505	897
506	726
506	744
506	888
506	916
507	541
507	820
507	822
507	918
508	624
508	753
508	795
508	847
508	932
508	992
509	752
509	805
509	882
509	979
510	635
511	816
512	718
512	721
512	899
513	538
513	557
513	639
513	659
513	708
513	739
513	781
513	792
513	848
514	709
516	705
518	805
518	835
519	584
519	719
519	819
519	999
520	545
520	622
520	887
521	534
521	641
521	699
521	738
521	866
521	920
523	665
524	788
526	780
526	849
526	980
527	766
527	813
527	978
528	713
529	600
529	776
532	832
536	558
536	700
536	724
537	716
537	777
537	862
537	908
537	971
538	631
538	760
538	937
539	564
539	645
539	668
539	691
539	905
539	976
540	743
540	898
541	627
541	867
542	808
543	769
544	767
545	580
545	650
545	878
546	570
546	590
546	610
546	615
546	723
546	953
547	599
548	904
549	943
550	713
551	637
551	683
551	893
551	894
551	910
552	756
553	652
553	738
553	923
554	615
554	760
554	851
558	836
559	602
559	764
560	571
560	752
561	680
562	772
563	575
563	735
563	771
563	825
564	591
564	862
566	601
566	946
566	969
567	736
567	884
568	760
568	780
569	597
570	793
570	809
572	900
574	940
577	642
577	721
577	902
578	894
578	965
579	755
579	884
579	920
581	691
581	828
581	911
582	846
583	638
586	636
586	644
587	730
588	591
589	813
590	692
592	762
592	912
594	696
595	979
597	701
597	841
597	886
598	856
599	712
599	715
599	842
599	935
601	728
601	802
603	695
604	746
604	851
606	915
610	634
610	812
611	617
611	724
612	950
613	697
613	828
613	984
614	626
615	997
616	677
616	759
616	897
616	926
618	662
618	758
618	783
618	828
619	728
619	764
619	885
620	723
620	739
620	782
620	895
622	939
622	978
629	861
630	669
630	865
631	742
631	765
631	903
631	945
631	983
632	658
632	807
632	845
632	856
632	884
632	979
633	801
637	759
637	782
639	869
643	800
644	980
645	896
645	984
647	651
647	670
648	960
652	737
652	817
652	998
653	947
654	747
654	860
656	684
659	740
659	855
661	773
661	983
662	819
663	830
663	918
664	834
665	764
665	981
666	756
668	782
668	903
671	791
671	912
672	717
672	803
675	874
677	703
677	793
679	696
679	729
679	820
680	702
680	906
682	989
683	783
683	850
683	887
684	755
684	765
684	980
685	725
685	891
686	917
687	782
688	763
688	814
689	880
693	815
694	785
696	716
696	813
697	802
697	852
697	943
698	748
699	931
700	867
702	794
702	932
703	836
704	746
705	787
706	832
707	801
707	842
709	796
713	842
715	929
717	811
718	852
720	919
721	726
721	964
722	732
722	738
723	767
723	853
724	742
724	789
725	855
728	804
730	987
731	900
732	866
732	986
733	771
736	955
737	990
739	907
739	993
740	755
740	877
740	947
742	950
744	835
745	752
748	988
749	949
750	837
750	863
750	972
752	850
753	814
761	994
762	780
762	948
763	908
764	829
764	904
764	943
765	934
766	866
767	797
767	958
770	941
770	968
772	789
772	892
774	990
775	854
776	962
777	982
779	787
782	832
782	887
782	914
782	961
783	794
783	942
785	919
786	792
786	795
786	831
786	865
787	880
788	927
788	933
791	869
792	988
795	982
796	934
799	940
800	951
801	867
802	819
807	928
809	896
810	979
818	845
818	874
818	907
820	915
823	876
823	951
825	899
825	915
826	972
828	833
828	941
829	914
830	918
831	911
831	924
832	850
838	935
841	989
842	876
842	880
844	862
851	938
856	868
857	860
858	864
860	913
861	972
862	965
862	983
866	874
867	944
872	993
875	903
877	944
877	999
883	951
884	898
886	899
886	997
890	956
891	924
911	927
911	938
915	920
918	960
920	930
922	972
925	943
933	937
933	977
937	983
938	967
943	959
949	970
962	990
963	995
967	976
971	985
976	983
