0	946
1	675
1	874
1	887
2	432
2	435
2	474
2	481
2	507
2	694
3	740
4	224
4	842
4	976
5	77
5	166
5	176
5	308
5	527
5	750
5	803
6	598
6	846
6	898
7	350
8	59
8	86
8	221
9	197
9	250
9	461
10	361
10	555
10	761
11	324
11	894
11	905
11	926
12	212
12	417
12	622
12	714
13	80
13	146
13	230
13	738
13	797
14	39
14	155
14	469
14	759
14	862
15	29
15	61
15	403
15	426
15	685
15	705
15	731
16	131
16	165
16	225
16	602
16	736
17	588
17	867
18	42
18	53
18	475
18	650
18	946
19	69
19	408
19	488
19	520
19	557
19	603
19	709
19	922
20	557
20	935
21	105
21	304
21	453
21	860
22	505
22	718
22	928
22	931
23	737
23	842
24	50
24	272
24	725
25	266
25	788
25	858
25	880
26	197
26	556
26	703
26	961
28	196
28	682
29	621
29	722
29	858
29	983
30	172
30	475
31	92
31	96
31	323
31	865
32	353
32	408
32	626
32	737
33	607
33	971
34	63
34	529
34	598
34	946
35	50
35	56
35	95
35	308
35	415
35	475
35	803
36	85
36	765
36	981
37	96
37	133
37	334
37	561
37	741
38	643
38	775
38	889
39	134
39	301
39	367
39	753
39	846
39	999
40	355
40	409
40	555
40	577
41	151
41	255
41	603
41	651
41	977
42	341
42	906
42	934
43	88
43	247
43	664
44	304
44	776
45	94
45	868
45	981
46	68
46	314
46	583
46	700
47	78
47	303
47	406
47	419
47	522
47	602
47	984
48	204
48	223
48	397
48	877
49	110
49	450
49	622
49	721
49	726
50	99
50	233
50	446
51	375
51	974
52	430
53	184
53	355
53	426
53	589
53	661
53	909
54	60
54	69
54	275
54	642
54	767
54	800
55	234
55	235
56	177
57	247
57	787
58	624
58	694
58	979
59	144
59	563
59	603
59	891
59	901
59	935
59	962
60	208
61	314
61	317
62	159
62	917
63	164
63	597
63	649
64	67
65	187
65	830
66	209
66	216
66	328
66	925
67	627
67	810
67	826
67	833
67	845
67	973
68	73
68	201
68	219
68	223
68	294
68	543
68	962
69	81
69	660
70	153
70	211
70	479
71	540
71	687
72	100
72	374
72	503
73	368
73	457
74	147
74	826
75	162
75	554
75	936
77	156
77	251
77	597
77	699
78	148
78	812
79	322
79	386
79	440
79	470
79	565
79	944
80	198
80	288
80	624
80	771
81	361
81	988
82	300
82	431
82	943
83	289
83	595
83	806
84	156
84	458
84	775
85	356
85	412
86	202
86	599
86	774
86	962
87	449
87	486
87	777
87	877
87	894
87	948
88	359
88	624
88	751
89	276
89	309
89	367
89	582
89	678
89	679
89	739
89	891
89	950
90	570
91	558
91	864
91	982
92	148
92	234
92	403
92	471
92	659
93	157
93	345
93	751
93	820
93	913
94	599
94	714
94	958
95	241
95	447
95	818
95	868
96	216
96	338
96	363
96	854
97	518
97	624
98	291
98	386
98	428
98	700
98	885
98	971
99	457
99	919
100	389
100	979
101	591
101	633
102	226
102	497
102	857
104	159
104	312
104	391
104	748
104	855
104	943
105	185
105	225
105	639
105	958
105	960
106	575
106	881
107	158
107	338
108	161
108	472
108	835
108	980
109	682
109	870
109	978
110	266
110	633
111	208
111	644
111	647
112	351
112	675
112	768
112	962
112	965
113	309
113	379
114	855
115	401
115	775
115	876
116	409
116	468
117	361
117	597
118	225
118	263
118	424
118	575
118	621
118	743
118	802
118	887
118	956
118	976
119	255
119	419
119	534
119	554
120	341
120	506
120	678
120	880
121	505
121	775
122	124
122	447
122	629
122	781
122	907
122	927
123	143
123	234
123	522
123	576
123	634
123	887
124	310
124	417
124	454
125	255
125	425
125	652
126	135
127	508
127	571
128	530
128	848
129	368
130	506
130	594
131	213
131	309
131	603
131	659
132	630
132	858
133	383
133	461
133	593
133	756
133	761
133	841
133	860
133	968
134	247
134	726
134	783
134	811
136	590
136	854
137	369
137	629
138	860
139	203
139	565
140	652
140	706
141	600
141	661
141	921
142	707
142	834
143	176
143	184
143	833
144	865
144	991
145	271
145	284
145	719
145	932
145	985
146	288
146	391
146	520
146	867
146	880
147	886
147	985
148	214
148	400
148	935
149	381
149	634
150	307
150	896
150	922
150	943
150	983
151	618
152	239
152	380
152	646
152	987
153	248
153	792
154	193
154	285
154	311
154	376
154	386
154	481
154	756
154	947
155	266
155	668
155	694
155	736
156	176
157	332
157	842
157	966
158	315
158	331
159	659
159	812
161	431
161	820
162	267
162	354
162	712
162	884
163	256
163	313
163	814
164	268
165	280
166	214
166	282
166	523
166	594
166	637
166	735
166	920
167	253
167	302
167	329
167	335
167	415
167	505
167	548
167	772
167	779
168	425
168	434
168	705
169	196
169	345
169	523
169	698
169	992
170	364
171	843
172	203
172	289
172	693
173	543
173	678
174	281
174	308
174	927
174	935
174	973
175	305
175	403
175	668
176	374
176	786
177	309
177	537
177	780
177	982
178	204
178	300
178	722
178	744
179	194
179	251
179	336
179	479
179	717
180	407
180	426
180	442
181	476
181	575
181	735
181	845
182	304
182	699
182	906
183	310
183	469
183	831
183	911
184	203
185	190
185	420
185	621
185	854
186	233
186	498
187	571
187	974
188	933
188	934
189	615
189	631
189	842
190	399
190	488
191	338
192	230
192	272
192	329
192	531
193	335
193	372
193	526
193	565
193	635
193	715
194	406
194	454
195	501
195	977
196	513
196	581
196	664
196	670
197	463
197	481
197	575
197	905
198	294
198	363
199	261
199	301
199	600
199	610
199	793
199	794
199	862
200	483
200	725
201	412
201	433
201	537
201	998
202	214
202	250
202	771
202	849
203	379
203	501
204	432
204	643
204	837
204	937
204	966
205	278
205	310
205	416
205	751
206	243
206	551
206	985
207	318
207	596
208	672
208	842
208	846
210	262
210	301
210	527
210	536
210	748
211	345
211	647
212	241
212	513
212	591
212	736
212	861
212	899
213	286
213	405
213	498
213	596
214	657
214	677
214	737
214	871
215	314
215	331
216	264
216	266
216	317
216	385
216	517
216	824
216	996
217	490
217	648
218	409
218	551
218	594
219	248
219	375
219	435
219	678
219	785
220	252
220	655
220	796
220	872
220	874
221	416
221	454
221	645
221	728
222	813
222	859
222	959
223	579
223	709
224	617
224	628
224	655
224	748
224	802
225	294
225	494
225	547
226	946
227	337
227	876
227	947
228	288
228	568
228	666
228	719
228	813
229	265
229	331
229	867
230	540
230	695
230	715
230	846
231	523
232	419
233	366
233	470
235	597
235	732
235	961
236	283
236	290
237	524
237	572
237	803
237	825
237	927
238	285
238	309
238	335
238	491
238	572
238	710
238	743
238	988
239	291
239	538
239	992
240	617
240	711
240	818
240	819
241	416
241	687
241	876
242	400
242	591
242	790
242	814
242	892
243	521
243	824
243	928
244	415
244	574
244	605
244	680
244	771
244	999
245	330
245	384
245	934
246	382
246	471
246	802
246	819
247	308
247	480
247	591
248	341
248	467
248	556
248	630
249	377
249	547
249	959
250	267
250	365
250	512
250	527
250	921
251	476
251	637
252	382
252	733
253	610
254	326
254	791
254	991
255	434
255	458
255	974
255	980
256	767
257	291
257	768
257	860
257	881
257	964
258	290
258	372
258	481
258	913
259	389
259	446
259	999
260	372
260	403
260	459
260	962
261	510
261	800
262	670
264	694
264	739
265	643
266	429
268	335
268	345
268	594
269	406
269	570
269	660
270	490
270	784
271	401
271	495
271	503
271	559
271	689
272	562
272	699
272	788
273	294
273	314
273	370
273	514
273	778
274	321
274	698
274	806
274	957
275	867
275	926
276	288
276	472
276	908
277	288
277	436
277	660
277	749
278	383
278	417
278	766
278	861
278	888
279	776
280	600
280	620
280	686
280	847
280	875
280	961
281	325
282	536
283	595
283	935
284	507
284	546
285	575
285	647
285	720
285	802
286	347
286	398
286	535
286	589
286	618
287	422
289	712
290	384
290	485
290	529
290	576
290	627
290	841
291	356
291	866
292	555
292	672
292	836
292	866
292	953
293	299
293	590
293	642
294	991
295	372
295	658
295	715
296	354
296	428
296	591
296	598
296	695
296	933
296	950
297	607
297	660
297	731
297	905
298	503
298	738
298	938
299	473
299	577
299	693
299	724
299	827
300	332
300	447
300	595
300	616
300	620
300	870
301	306
301	772
302	490
302	554
303	470
304	537
304	626
304	631
304	855
304	936
304	961
305	516
306	308
306	352
306	439
306	611
306	622
307	442
308	398
308	432
308	531
309	513
309	800
310	664
310	765
310	773
310	782
310	862
310	997
311	374
311	637
312	783
312	814
313	400
313	983
314	589
315	746
316	891
317	995
318	731
319	372
319	423
319	479
319	738
320	508
320	645
320	683
320	981
321	689
321	991
322	423
322	570
322	860
323	389
323	718
323	806
323	993
324	410
324	715
324	768
324	780
325	333
325	346
325	530
325	975
326	740
326	784
327	537
327	635
327	644
328	467
328	472
328	515
329	566
329	815
329	839
330	392
330	770
330	816
330	867
330	899
331	641
332	588
332	678
332	967
332	979
334	411
334	563
334	566
334	762
334	897
334	922
335	768
336	401
336	653
336	774
337	908
338	619
339	373
339	411
339	705
339	734
340	343
340	975
341	398
341	852
342	672
342	696
342	957
343	550
343	978
344	404
344	544
344	643
344	647
344	797
345	380
345	817
346	487
348	783
349	361
349	438
349	449
349	745
349	823
350	907
352	870
352	926
353	641
353	732
353	754
353	881
353	990
354	444
354	529
354	902
355	456
355	624
356	595
356	668
357	612
357	778
357	940
358	626
358	660
358	674
358	868
358	878
360	391
360	403
360	637
360	677
360	789
360	856
362	713
362	763
363	378
363	643
363	678
363	845
363	987
364	408
364	813
364	877
364	962
365	487
365	683
366	386
366	922
366	991
366	993
368	390
368	481
368	555
368	711
368	762
369	604
370	600
370	689
370	864
370	884
371	377
371	607
371	610
371	685
371	757
372	566
373	739
374	541
375	917
375	928
376	394
376	422
376	557
376	968
377	416
377	442
377	707
377	901
379	461
379	514
379	733
380	657
380	726
380	901
381	736
381	846
382	951
383	400
384	728
384	754
385	461
386	557
386	680
386	724
386	874
386	942
386	963
387	716
388	535
388	861
389	508
390	807
390	911
391	431
391	547
391	767
392	443
392	598
393	620
393	666
394	821
395	624
395	785
395	902
396	498
396	624
396	695
396	959
397	450
397	779
397	826
398	567
398	849
400	434
400	743
401	729
402	439
402	444
402	912
402	918
404	434
404	459
404	707
404	928
405	951
406	455
406	541
406	632
406	868
408	801
409	503
409	547
409	684
410	579
410	727
410	810
410	944
410	956
411	425
411	572
411	652
411	788
412	650
412	723
412	780
413	450
413	455
413	461
413	674
413	681
413	711
414	712
414	729
414	785
414	863
414	909
415	688
415	869
415	896
416	859
416	983
417	777
418	672
418	742
419	519
419	528
419	813
420	928
420	987
421	454
421	526
421	919
422	737
422	742
422	809
422	919
422	986
423	449
423	498
423	994
424	731
425	686
427	478
427	937
427	938
428	480
429	509
430	447
430	576
430	628
430	676
430	744
430	824
431	569
431	598
431	822
431	906
432	579
432	630
432	871
434	477
434	529
434	559
434	653
434	668
434	698
434	727
434	880
435	826
436	443
436	707
436	718
437	708
437	782
438	476
438	546
438	820
439	518
441	447
441	651
441	677
441	678
441	825
442	735
442	822
443	883
444	448
444	544
444	564
445	469
446	525
447	630
447	686
448	518
448	524
448	556
448	718
448	872
449	485
449	682
449	707
449	857
451	522
451	561
451	842
451	995
452	625
453	514
454	625
454	731
454	805
454	818
455	774
456	480
456	570
456	634
456	699
456	741
456	910
458	492
458	556
458	813
459	826
460	925
461	891
461	914
462	792
463	495
463	517
463	927
464	660
465	573
466	729
467	662
467	824
467	858
468	559
469	771
469	807
470	762
471	512
471	609
471	682
471	718
471	823
473	553
473	718
473	760
474	506
474	931
475	607
476	748
477	688
478	831
478	955
479	630
480	664
480	758
480	902
480	908
481	713
481	986
482	839
483	996
484	680
484	737
485	699
485	753
487	652
487	765
487	781
488	914
488	924
489	640
489	679
489	866
489	946
489	989
490	825
490	965
491	501
491	678
492	768
492	872
492	922
493	500
493	520
493	597
493	831
493	944
494	910
495	696
496	815
497	537
497	867
498	741
498	746
498	923
500	680
500	788
501	539
501	591
503	532
503	642
503	894
503	914
504	737
505	591
505	832
505	840
506	729
506	762
507	566
507	805
508	577
508	702
508	858
509	879
510	953
511	825
512	769
512	810
512	864
513	731
514	954
515	624
516	658
516	822
516	894
518	920
519	560
519	863
520	673
522	583
523	705
523	827
523	908
524	926
525	544
525	715
525	752
525	808
525	828
525	943
525	991
526	543
526	677
526	745
527	597
527	809
527	939
528	682
529	562
529	577
529	696
530	759
531	765
531	989
532	725
533	620
535	739
535	983
536	951
537	683
537	701
537	835
537	857
538	881
538	900
539	747
540	707
540	996
541	769
542	955
543	896
543	972
544	656
544	704
544	843
545	618
545	804
545	918
545	977
546	547
546	712
547	823
547	964
548	584
548	716
550	704
550	812
550	825
551	824
552	618
553	996
554	654
554	878
554	906
554	992
558	616
559	722
559	835
560	668
561	906
561	971
562	914
562	985
562	990
564	873
566	716
566	737
567	744
568	670
568	873
568	892
569	628
569	656
569	701
569	726
569	881
569	978
570	609
570	614
571	966
572	832
572	846
573	595
573	641
573	678
573	797
574	621
576	648
576	858
576	913
576	975
578	965
579	657
579	688
580	581
580	632
580	642
582	964
583	649
584	592
584	917
585	589
585	818
585	979
586	698
586	800
586	834
587	695
587	762
587	776
587	832
587	918
587	995
588	747
588	788
589	879
590	599
590	635
590	676
590	747
590	762
590	788
591	862
592	994
593	727
593	881
593	960
594	807
594	818
595	713
596	778
597	602
597	800
597	902
598	726
598	741
598	894
600	946
601	883
601	900
603	647
603	910
603	948
604	879
604	967
605	814
605	960
608	678
608	869
609	867
611	686
612	760
612	987
614	754
615	671
615	747
615	996
616	776
616	821
617	831
618	665
620	913
621	674
621	775
621	806
622	887
624	686
624	960
625	814
626	705
626	781
627	710
627	762
627	925
628	954
629	765
630	633
630	757
630	913
632	735
632	832
632	887
632	896
633	634
633	842
634	671
635	687
635	760
635	794
635	854
635	869
636	753
636	849
636	918
637	797
637	996
638	704
639	651
639	893
640	643
640	938
641	910
642	728
643	647
644	672
645	777
645	928
645	943
648	770
648	948
649	711
649	814
649	976
650	706
650	725
650	869
650	912
651	881
652	708
652	787
652	885
652	955
656	802
656	953
657	963
659	848
661	715
662	708
663	775
665	746
666	768
667	739
668	697
668	843
671	925
671	941
672	721
672	978
673	741
673	947
674	713
674	820
675	688
675	765
675	922
676	681
676	682
676	988
677	792
678	680
679	787
679	884
685	892
685	998
686	892
687	701
688	697
689	952
691	886
692	992
693	702
693	911
693	933
695	880
696	875
696	994
698	816
699	764
700	818
701	819
701	837
702	826
702	839
702	959
703	914
706	786
707	829
707	953
708	726
708	809
709	803
710	816
710	862
714	749
715	776
715	843
717	950
721	766
722	816
724	995
725	926
725	927
726	927
727	872
728	736
729	980
731	892
731	945
732	835
733	804
733	843
734	747
734	749
734	807
734	924
734	954
735	975
737	829
738	946
741	804
741	883
741	956
742	896
742	918
743	962
744	745
746	846
747	879
748	997
750	929
750	937
751	967
753	859
753	905
754	755
754	989
755	853
755	975
756	846
756	881
758	759
758	968
759	789
760	784
761	853
765	826
765	877
765	979
766	898
767	894
768	824
768	841
771	822
774	988
776	921
777	789
778	892
780	926
781	811
782	897
784	922
785	962
786	905
787	927
794	968
794	981
796	891
796	996
797	877
797	880
800	918
801	860
802	854
802	954
803	841
803	889
805	929
805	969
808	969
812	821
813	970
814	900
814	986
815	929
816	955
818	835
818	845
821	952
822	980
823	912
823	996
825	866
826	863
827	886
827	928
830	887
830	889
834	974
835	887
836	962
837	840
837	875
838	943
840	937
843	977
843	982
847	972
849	922
850	853
852	878
852	896
852	977
856	858
856	878
858	922
862	965
863	905
867	909
867	971
875	915
878	994
883	932
885	973
886	998
887	987
892	940
895	949
896	899
898	977
898	998
900	919
902	939
904	996
913	947
917	975
918	929
918	960
919	994
924	944
928	982
928	999
940	948
947	950
952	966
959	981
959	986
961	989
963	974
963	989
967	971
967	995
