0	83
0	151
0	425
0	435
0	448
0	572
0	678
0	689
0	722
0	794
0	902
0	966
0	985
1	73
1	230
1	310
1	311
1	367
2	7
2	117
2	183
2	279
2	308
2	312
2	325
2	448
2	604
2	823
3	26
3	164
3	253
3	529
3	738
3	886
3	989
4	20
4	649
5	69
5	84
5	194
5	353
5	416
5	420
5	854
5	991
6	50
6	184
6	188
6	234
6	237
6	252
6	296
6	513
6	686
6	716
6	801
6	845
6	867
7	151
7	250
7	438
7	447
7	628
7	633
7	691
7	735
7	783
7	872
7	892
7	992
8	213
8	280
8	289
8	308
8	309
8	330
8	713
8	760
8	836
8	858
8	957
9	184
9	251
9	312
9	396
9	414
9	586
9	647
9	666
9	793
9	838
9	901
10	54
10	133
10	177
10	478
10	539
10	630
10	727
10	764
10	943
11	170
11	177
11	251
11	345
11	347
11	407
11	432
11	456
11	459
11	544
11	550
11	702
11	707
11	793
11	870
12	114
12	121
12	125
12	202
12	264
12	482
12	975
12	977
13	91
13	211
13	226
13	464
13	733
13	762
14	39
14	345
14	427
14	437
14	573
14	694
14	776
14	976
15	149
15	171
15	258
15	302
15	318
15	327
15	462
15	499
15	551
15	576
15	727
15	842
15	943
15	988
16	41
16	669
16	811
16	827
16	842
17	125
17	228
17	254
17	286
17	570
17	586
17	645
17	701
17	783
18	73
18	85
18	90
18	123
18	232
18	389
18	548
18	644
18	721
18	734
18	766
18	776
18	829
18	896
18	931
19	91
19	338
19	445
19	471
19	490
19	577
19	702
19	726
19	921
19	972
19	977
20	277
20	338
20	368
20	583
20	670
20	705
20	769
20	903
20	973
20	997
21	75
21	76
21	182
21	193
21	196
21	303
21	501
21	566
21	568
21	719
21	781
21	798
21	966
22	54
22	85
22	244
22	267
22	392
22	659
22	665
22	784
22	804
22	986
23	77
23	186
23	229
23	251
23	312
23	373
23	633
23	720
23	739
23	762
24	35
24	46
24	407
24	446
24	534
24	886
24	900
24	912
25	138
25	242
25	385
25	396
25	511
25	604
25	677
25	686
25	955
26	31
26	101
26	130
26	185
26	268
26	320
26	387
26	410
26	540
26	663
26	809
26	886
26	938
26	963
27	216
27	224
27	272
27	321
27	328
27	504
27	898
28	135
28	142
28	201
28	267
28	356
28	358
28	398
28	714
28	916
28	944
29	33
29	237
29	337
29	483
29	503
29	656
29	667
29	695
29	767
29	913
30	109
30	111
30	368
30	450
30	533
30	791
30	863
30	871
30	885
31	103
31	294
31	338
31	405
31	554
31	577
31	791
31	826
31	875
32	74
32	87
32	106
32	128
32	147
32	160
32	173
32	390
32	447
32	569
32	635
32	768
33	40
33	109
33	231
33	269
33	358
33	376
33	405
33	544
33	558
33	828
33	862
34	218
34	263
34	285
34	355
34	485
34	572
34	653
34	671
34	691
34	868
34	889
34	935
34	989
35	112
35	195
35	211
35	221
35	380
35	467
35	830
35	846
35	944
35	968
36	327
36	709
36	855
36	958
37	75
37	95
37	104
37	155
37	545
37	554
37	574
37	628
37	930
38	431
38	600
38	674
38	724
38	746
38	769
38	771
38	799
38	852
38	864
38	866
39	300
39	308
39	310
39	321
39	449
39	475
39	654
39	849
39	980
39	983
40	103
40	312
40	336
40	430
40	487
40	514
40	518
40	946
41	264
41	330
41	332
41	484
41	566
41	796
42	111
42	125
42	140
42	216
42	387
42	639
42	644
42	993
43	224
43	390
43	411
43	428
43	568
43	783
43	891
43	942
43	981
44	59
44	153
44	233
44	241
44	270
44	405
44	435
44	476
44	662
44	740
45	100
45	296
45	330
45	364
45	542
45	652
45	697
45	850
45	951
46	141
46	194
46	333
46	353
46	379
46	442
46	486
46	763
47	60
47	217
47	219
47	221
47	320
47	393
47	442
47	471
47	489
47	681
47	781
48	92
48	225
48	391
48	435
48	624
48	663
48	733
48	767
48	908
48	962
48	989
49	154
49	155
49	433
49	572
49	728
49	813
50	105
50	111
50	168
50	239
50	315
50	498
50	927
51	198
51	284
51	336
51	411
51	514
51	533
51	569
51	575
51	890
52	125
52	271
52	332
52	481
52	526
52	557
52	560
52	637
52	733
52	771
52	780
52	829
53	136
53	676
53	956
53	957
53	993
54	136
54	351
54	494
54	583
54	629
54	701
54	757
54	952
55	162
55	209
55	310
55	553
55	669
55	742
55	878
55	944
55	946
55	978
56	317
56	402
56	425
56	502
56	598
56	804
56	866
56	939
57	312
57	364
57	470
57	500
57	608
57	647
57	715
57	832
58	120
58	185
58	237
58	551
58	674
58	826
58	898
59	196
59	212
59	300
59	612
59	872
59	962
60	540
60	633
60	687
60	693
60	916
61	113
61	170
61	193
61	196
61	217
61	267
61	290
61	299
61	613
61	682
61	765
61	766
61	864
61	904
62	82
62	109
62	120
62	168
62	331
62	392
62	923
62	951
63	167
63	180
63	262
63	394
63	460
63	519
63	586
63	673
63	972
64	183
64	211
64	482
64	646
64	789
64	905
64	958
64	975
65	114
65	115
65	355
65	380
65	445
65	477
65	522
65	540
65	600
65	654
65	828
65	837
65	919
66	148
66	261
66	296
66	469
66	506
66	565
66	902
67	125
67	431
67	661
67	695
67	773
67	821
67	840
67	877
68	118
68	122
68	198
68	260
68	331
68	432
68	494
68	606
68	977
69	159
69	162
69	335
69	380
69	463
69	482
69	493
69	552
69	567
70	131
70	139
70	252
70	316
70	357
70	469
70	633
70	803
70	805
70	955
71	346
71	423
71	838
71	981
72	258
72	417
72	494
72	583
72	606
72	694
72	776
72	866
72	939
73	145
73	153
73	184
73	509
73	558
73	608
73	636
73	669
73	738
73	774
73	893
74	165
74	236
74	300
74	648
74	727
74	907
75	210
75	215
75	323
75	397
75	439
75	458
75	536
75	627
75	657
75	949
76	141
76	189
76	251
76	285
76	291
76	327
76	467
76	598
76	883
76	887
76	963
77	104
77	186
77	221
77	407
77	470
77	508
77	626
77	642
77	731
77	861
77	964
78	294
78	334
78	345
78	527
78	534
78	574
78	730
78	771
78	896
78	907
78	935
79	177
79	297
79	403
79	434
79	450
79	451
79	533
79	544
79	729
79	763
79	844
79	852
79	873
80	83
80	209
80	217
80	245
80	270
80	274
80	342
80	393
80	486
80	780
80	794
80	905
80	932
80	943
81	143
81	148
81	185
81	265
81	402
81	410
81	432
81	441
81	498
81	526
81	836
81	853
81	899
82	120
82	368
82	610
82	713
82	729
82	804
82	931
82	959
82	984
82	997
83	484
83	583
83	661
83	679
83	736
83	763
83	812
84	206
84	307
84	521
84	535
84	571
84	630
84	665
84	729
84	756
84	871
85	114
85	148
85	264
85	301
85	404
85	424
85	547
85	662
85	666
85	691
85	692
86	247
86	289
86	295
86	410
86	502
86	570
86	632
86	681
86	686
86	888
87	158
87	215
87	286
87	547
87	607
87	747
87	925
87	930
88	154
88	352
88	443
88	560
88	688
88	799
88	819
88	833
88	871
88	990
89	149
89	155
89	514
89	665
89	699
89	709
89	787
89	809
89	815
89	910
89	929
89	990
90	213
90	303
90	417
90	434
90	439
90	597
90	618
90	969
91	301
91	385
91	458
91	491
91	603
91	624
91	665
91	703
91	792
91	798
91	981
92	102
92	283
92	310
92	323
92	425
92	483
92	537
92	674
92	830
92	890
93	107
93	144
93	168
93	245
93	301
93	302
93	417
93	444
93	484
93	514
93	636
93	697
93	832
93	872
94	436
94	563
94	569
94	583
94	645
94	650
94	773
94	777
94	872
94	966
95	175
95	232
95	283
95	335
95	552
95	659
95	799
95	918
96	126
96	155
96	164
96	179
96	214
96	255
96	301
96	441
96	485
96	517
96	701
96	841
97	156
97	274
97	388
97	462
97	610
97	671
97	678
97	718
97	726
97	900
97	982
98	136
98	527
98	543
98	582
98	687
98	692
98	797
98	927
99	319
99	459
99	569
99	648
99	652
99	929
100	334
100	536
100	600
100	638
100	777
100	817
100	860
101	198
101	400
101	447
101	587
101	685
101	889
101	927
101	948
101	958
101	985
101	987
102	171
102	192
102	226
102	324
102	360
102	740
102	887
102	903
102	915
103	451
103	540
103	693
103	701
103	725
103	781
103	850
104	123
104	129
104	224
104	340
104	513
105	119
105	139
105	255
105	667
105	728
105	817
105	855
106	119
106	128
106	294
106	414
106	426
106	493
106	528
106	532
106	608
107	447
107	463
107	507
107	765
107	881
107	922
107	978
108	252
108	327
108	400
108	492
108	534
108	562
108	573
108	639
108	670
108	731
108	734
108	969
109	124
109	170
109	342
109	605
109	780
110	123
110	148
110	193
110	284
110	436
110	470
110	486
110	554
110	606
110	754
110	887
111	351
111	360
111	737
111	862
112	275
112	549
112	564
112	583
112	751
112	766
112	847
113	217
113	286
113	404
113	406
113	446
113	458
113	484
113	728
113	795
113	923
113	935
114	158
114	375
114	401
114	453
114	550
114	554
114	588
114	688
114	706
114	711
114	838
114	916
114	929
114	971
115	217
115	318
115	481
115	502
115	620
115	627
115	636
115	649
115	679
115	852
115	885
115	998
116	199
116	301
116	529
116	722
116	798
116	875
117	255
117	306
117	378
117	488
117	534
117	549
117	661
117	822
117	926
117	950
118	133
118	200
118	301
118	305
118	428
118	600
118	685
118	777
118	943
118	982
119	162
119	343
119	548
119	731
119	767
119	784
119	801
119	843
119	858
119	962
120	123
120	213
120	360
120	380
120	733
120	887
120	950
121	305
121	372
121	470
121	643
121	748
121	776
122	145
122	168
122	184
122	282
122	382
122	500
122	648
122	661
122	722
122	801
122	934
122	945
122	965
123	265
123	354
123	368
123	386
123	395
123	545
123	666
123	688
123	756
124	166
124	234
124	235
124	266
124	280
124	482
124	568
124	655
124	865
125	197
125	212
125	437
125	555
125	583
125	644
125	664
125	673
125	676
125	771
125	867
126	568
126	660
126	699
126	716
126	719
126	722
126	836
126	855
126	933
126	990
127	138
127	203
127	382
127	805
127	877
128	280
128	289
128	315
128	563
128	584
128	674
128	735
128	764
129	179
129	246
129	307
129	368
129	430
129	524
129	763
129	784
129	906
129	929
129	998
130	219
130	230
130	405
130	558
130	585
130	832
130	862
130	957
130	975
131	184
131	196
131	387
131	487
131	519
131	649
131	654
131	817
131	868
132	162
132	181
132	248
132	366
132	558
132	598
132	868
133	325
133	633
133	660
133	838
134	183
134	204
134	208
134	244
134	398
134	472
134	501
134	869
134	901
134	966
135	264
135	563
135	572
135	699
135	707
135	892
135	943
136	203
136	212
136	309
136	479
136	547
136	576
136	626
136	659
136	681
136	956
137	173
137	268
137	278
137	341
137	454
137	523
137	644
137	690
137	725
137	982
138	201
138	205
138	361
138	429
138	993
139	170
139	249
139	264
139	333
139	496
139	499
139	997
140	153
140	210
140	293
140	373
140	391
140	497
140	512
140	536
140	654
140	712
141	195
141	232
141	250
141	349
141	407
141	668
141	926
141	948
141	980
142	366
142	369
142	418
142	489
142	508
142	525
142	603
142	613
142	741
142	768
142	836
142	844
142	861
143	217
143	299
143	311
143	567
143	820
143	863
143	891
143	984
144	160
144	186
144	218
144	291
144	361
144	654
144	721
144	846
144	898
144	959
145	443
145	457
145	512
145	680
145	748
145	749
145	933
146	159
146	200
146	291
146	576
146	615
146	660
146	814
146	850
147	233
147	346
147	364
147	365
147	380
147	420
147	553
147	685
147	695
147	723
147	739
147	809
147	833
147	976
148	223
148	227
148	247
148	379
148	405
148	424
148	426
148	556
148	642
148	643
148	659
148	804
148	897
148	981
149	236
149	409
149	734
149	812
150	341
150	352
150	380
150	426
150	519
150	753
150	788
150	922
150	977
151	199
151	312
151	313
151	342
151	352
151	536
151	565
151	740
151	802
151	857
151	909
151	921
152	216
152	541
152	646
152	915
153	194
153	227
153	384
153	437
153	764
153	882
153	896
153	968
154	192
154	255
154	373
154	378
154	427
154	479
154	581
154	745
154	906
154	982
155	356
155	432
155	678
155	882
155	968
156	159
156	351
156	623
156	627
156	707
156	854
156	943
156	958
156	981
157	223
157	287
157	301
157	485
157	626
157	629
157	747
157	969
157	972
158	194
158	513
158	547
158	622
158	893
159	175
159	353
159	371
159	376
159	404
159	606
159	739
159	898
160	270
160	477
160	630
160	656
160	809
160	937
161	172
161	208
161	230
161	263
161	279
161	414
161	551
161	577
161	621
161	653
161	674
161	836
161	980
162	234
162	310
162	331
162	582
162	679
162	777
162	854
162	880
162	937
162	992
163	506
163	609
163	686
163	706
163	724
163	731
163	742
163	783
163	790
163	970
164	383
164	439
164	515
164	555
165	272
165	391
165	543
165	558
165	576
165	583
165	584
165	629
165	794
165	822
165	854
165	891
165	940
166	730
166	803
166	868
166	924
166	987
167	173
167	246
167	269
167	295
167	843
167	953
167	986
168	251
168	345
168	390
168	398
168	473
168	508
168	709
168	791
168	796
168	814
168	857
168	874
168	938
168	944
168	949
169	462
169	480
169	525
169	834
169	916
169	967
169	981
169	995
170	224
170	266
170	273
170	373
170	461
170	642
170	706
170	865
170	954
171	451
171	570
171	662
171	746
171	781
171	870
171	968
172	374
172	390
172	395
172	418
172	457
172	663
172	681
173	194
173	227
173	476
173	537
173	624
173	692
173	735
173	853
173	861
173	901
174	501
174	565
174	606
174	656
174	812
175	219
175	241
175	523
175	609
175	701
175	749
175	896
175	929
176	492
176	547
176	549
176	603
176	658
176	678
176	752
176	837
176	965
177	183
177	200
177	264
177	371
177	455
177	569
177	635
177	672
177	769
177	873
177	894
178	203
178	217
178	336
178	509
178	536
178	614
178	794
178	843
179	188
179	316
179	428
179	551
179	582
179	651
179	777
179	885
179	918
180	214
180	320
180	351
180	381
180	401
180	463
180	625
180	698
180	813
180	814
180	923
180	942
180	948
180	952
180	999
181	291
181	367
181	519
181	669
182	431
182	483
182	486
182	498
182	602
182	674
182	714
182	798
183	706
183	739
183	744
183	967
184	187
184	255
184	261
184	316
184	374
184	392
184	588
184	595
184	692
184	713
184	735
184	819
184	884
184	982
184	983
185	282
185	332
185	357
185	372
185	537
185	587
185	805
185	968
186	214
186	309
186	323
186	399
186	597
186	612
186	823
186	845
187	261
187	282
187	526
187	670
187	680
187	702
187	794
188	271
188	415
188	696
188	895
188	913
188	977
189	194
189	266
189	296
189	311
189	626
189	630
189	787
189	851
189	954
190	202
190	206
190	262
190	388
190	421
190	489
190	518
190	594
190	742
190	758
190	764
190	796
190	956
190	960
190	971
190	973
191	226
191	337
191	338
191	381
191	457
191	459
191	551
191	602
191	695
191	759
191	791
191	884
192	209
192	476
192	591
192	873
192	969
193	233
193	301
193	309
193	434
193	444
193	464
193	470
193	548
193	621
193	646
193	742
193	827
193	993
194	217
194	298
194	401
194	700
194	764
194	801
194	863
194	876
194	995
195	309
195	379
195	456
195	494
195	668
195	797
195	891
195	971
196	285
196	389
196	628
196	726
196	933
197	217
197	218
197	337
197	371
197	463
197	538
197	692
197	718
197	908
198	202
198	306
198	484
198	602
198	641
198	788
198	802
198	826
198	879
199	257
199	448
199	528
199	531
199	607
199	834
200	304
200	553
200	624
200	693
200	714
200	924
201	223
201	321
201	416
201	449
201	454
201	508
201	513
201	546
201	568
201	791
201	813
202	347
202	388
202	533
202	537
202	591
202	683
202	849
202	882
202	885
202	918
203	236
203	345
203	350
203	421
203	472
203	588
203	871
204	262
204	278
204	499
204	539
204	609
204	678
204	697
204	793
204	975
205	218
205	249
205	351
205	476
205	494
205	573
205	640
205	655
205	666
205	840
205	849
205	969
205	978
205	994
205	995
206	318
206	424
206	444
206	447
206	645
206	943
207	215
207	293
207	331
207	459
207	494
207	650
207	668
207	720
207	767
207	785
207	829
207	884
207	989
208	273
208	543
208	567
208	674
208	806
208	896
208	900
208	929
209	318
209	430
209	449
209	451
209	488
209	675
209	869
209	943
210	211
210	228
210	745
210	842
210	909
210	948
211	242
211	252
211	279
211	309
211	448
211	528
211	534
211	979
212	393
212	501
212	714
212	737
212	957
212	997
213	511
213	640
213	664
213	785
213	859
213	914
213	978
214	481
214	617
214	705
214	744
214	960
215	525
215	604
215	753
215	807
215	901
215	934
215	989
216	222
216	237
216	407
216	433
216	777
217	244
217	253
217	254
217	305
217	539
217	616
217	809
217	881
218	329
218	356
218	425
218	545
218	635
218	662
218	692
218	895
218	940
219	221
219	289
219	333
219	582
219	666
219	698
219	838
220	284
220	501
220	540
220	618
220	812
220	865
220	876
220	989
221	410
221	444
221	458
221	513
221	607
221	677
221	699
221	758
221	765
221	774
221	849
221	854
221	856
221	859
221	872
221	916
222	226
222	285
222	288
222	361
222	555
222	769
222	838
222	930
223	305
223	329
223	442
223	582
223	632
223	776
223	787
223	794
223	886
224	314
224	480
224	582
224	750
224	752
224	802
224	949
224	980
225	343
225	389
225	423
225	597
225	609
225	923
226	239
226	432
226	511
226	648
226	678
226	755
226	835
226	843
227	281
227	315
227	347
227	545
227	546
227	632
227	646
227	742
227	748
227	828
227	852
227	940
228	334
228	335
228	446
228	897
228	963
229	310
229	435
229	493
229	603
229	715
229	742
229	743
229	777
229	853
229	951
229	984
229	993
230	250
230	276
230	456
230	589
230	639
230	669
230	670
230	865
230	903
231	270
231	273
231	311
231	353
231	401
231	593
231	653
231	894
231	917
232	343
232	354
232	626
232	634
232	797
233	244
233	258
233	272
233	332
233	400
233	512
233	571
233	646
233	705
233	910
234	605
234	740
234	753
234	810
234	821
234	943
234	950
235	458
235	510
235	688
235	710
235	788
235	894
235	951
236	358
236	389
236	592
236	671
236	701
236	726
236	778
236	860
236	926
237	291
237	309
237	492
237	528
237	689
237	709
237	947
238	416
238	624
238	663
238	849
238	877
238	919
239	365
239	453
239	482
239	552
239	629
239	652
239	803
239	812
239	816
239	858
239	975
240	248
240	547
240	798
240	894
240	928
241	334
241	470
241	486
241	517
241	543
241	730
241	757
241	906
241	943
242	252
242	483
242	510
242	523
242	577
242	953
242	970
243	314
243	538
243	835
243	845
243	859
243	867
243	925
244	288
244	310
244	418
244	419
244	431
244	513
244	525
244	647
244	737
244	747
244	865
244	964
244	970
244	987
245	348
245	385
245	429
245	594
245	717
245	762
245	765
245	786
245	929
246	268
246	400
246	441
246	618
246	775
246	869
246	938
246	980
247	435
247	484
247	771
247	791
247	862
247	934
247	967
247	986
248	503
248	692
248	765
248	903
248	971
249	394
249	455
249	657
249	689
249	763
249	784
249	786
249	817
249	861
249	931
249	967
249	987
250	499
250	503
250	815
250	860
250	900
250	908
250	950
251	290
251	296
251	305
251	308
251	399
251	710
251	760
251	841
251	935
251	983
252	253
252	326
252	338
252	567
252	605
252	630
252	728
253	287
253	373
253	408
253	613
253	725
253	728
253	754
253	836
253	975
254	535
254	584
254	722
254	729
255	335
255	344
255	351
255	353
255	704
255	888
255	952
255	996
256	258
256	297
256	574
256	762
256	836
257	289
257	375
257	382
257	495
257	564
257	605
257	704
257	753
257	976
258	434
258	940
258	994
259	372
259	439
259	499
259	600
259	729
259	747
259	760
260	320
260	354
260	355
260	428
260	502
260	589
260	646
260	651
260	876
261	335
261	500
261	572
261	807
261	904
262	339
262	366
262	441
262	596
262	634
262	677
262	724
262	769
262	792
262	806
262	866
263	355
263	453
263	465
263	907
263	973
263	989
264	343
264	402
264	424
264	541
264	546
264	626
264	899
264	926
265	376
265	515
266	608
266	610
266	816
266	895
267	281
267	322
267	404
267	508
267	718
267	776
267	990
268	583
268	587
268	930
268	998
269	274
269	281
269	349
269	427
269	452
269	709
269	804
269	941
269	979
270	316
270	416
270	431
270	523
270	546
270	550
270	564
270	630
270	707
270	730
270	746
270	939
271	363
271	546
271	593
271	742
271	752
271	770
271	776
271	922
272	328
272	380
272	419
272	444
272	538
272	598
272	737
272	786
272	969
273	323
273	341
273	433
273	443
273	619
273	644
273	897
274	386
274	459
274	543
274	659
274	863
274	872
274	985
275	294
275	315
275	446
275	540
275	569
275	717
276	349
276	455
276	565
276	623
276	630
276	655
276	679
276	707
276	734
277	294
277	454
277	475
277	521
277	679
277	735
277	875
278	335
278	349
278	531
278	679
278	848
278	918
278	939
279	280
279	332
279	612
279	704
279	932
280	283
280	290
280	310
280	448
280	481
280	621
280	746
280	808
280	918
280	980
281	468
281	612
281	637
281	708
281	721
281	949
281	963
282	314
282	717
282	732
282	863
283	374
283	479
283	487
283	488
283	628
283	704
283	705
283	750
283	772
283	839
283	854
284	346
284	389
284	517
284	614
284	722
284	745
284	894
285	404
285	557
285	570
285	602
285	809
285	818
285	950
285	980
286	486
286	504
286	540
286	547
286	728
286	749
286	872
287	390
287	537
287	566
287	604
288	483
288	657
288	717
288	787
288	829
288	866
289	373
289	415
289	817
289	971
289	980
290	299
290	370
290	506
290	591
290	658
290	780
290	840
290	849
290	883
291	301
291	378
291	451
291	533
291	608
291	666
291	856
291	986
292	348
292	387
292	460
292	475
292	513
292	600
292	698
292	827
292	867
292	888
292	916
292	940
293	392
293	539
293	676
293	783
294	504
294	579
294	739
294	889
295	351
295	479
295	503
295	523
295	701
295	706
295	747
295	781
295	825
295	888
295	901
296	340
296	407
296	568
296	664
296	688
296	725
296	843
297	354
297	374
297	573
297	834
297	863
297	953
297	979
297	982
298	312
298	367
298	616
298	679
298	800
298	827
298	873
298	901
298	921
299	306
299	339
299	402
299	540
299	628
299	677
299	697
299	716
299	751
299	804
299	828
299	845
300	392
300	422
300	542
300	563
300	930
301	302
301	326
301	363
301	389
301	451
301	676
301	770
301	773
301	837
301	838
302	354
302	409
302	432
302	447
302	697
302	811
302	943
303	406
303	450
303	580
303	774
303	775
303	814
303	816
303	961
303	966
303	999
304	412
304	451
304	479
304	489
304	523
304	540
304	543
304	574
304	662
304	735
304	832
304	846
304	989
305	369
305	375
305	393
305	437
305	575
305	588
305	622
305	628
305	679
305	765
305	806
305	895
306	346
306	353
306	365
306	530
306	577
306	641
306	720
306	955
307	486
307	704
307	752
307	781
307	981
308	384
308	407
308	889
308	922
309	367
309	369
309	387
309	513
309	678
309	793
309	954
309	996
310	343
310	401
310	619
310	645
310	665
310	699
310	748
310	772
310	828
310	847
310	943
310	955
310	993
311	694
311	821
311	824
311	895
312	716
312	771
312	864
312	866
313	314
313	498
313	754
313	872
313	935
314	523
314	552
314	644
314	902
314	951
314	993
315	414
315	436
315	470
315	616
315	816
315	920
315	979
315	989
316	318
316	386
316	567
316	718
316	758
316	927
316	994
317	583
317	604
317	806
318	773
318	897
318	997
319	424
319	549
319	568
319	704
319	846
320	726
320	954
320	957
321	344
321	616
321	640
321	677
321	792
321	833
321	919
321	964
321	983
322	383
322	556
322	608
322	625
322	654
322	781
323	411
323	463
323	475
323	589
323	670
323	725
323	733
323	790
323	951
323	986
324	333
324	365
324	637
324	689
324	954
324	984
325	490
325	540
325	646
325	871
325	917
326	376
326	546
326	549
326	612
326	675
326	693
326	762
326	925
327	424
327	441
327	473
328	363
328	445
328	563
328	679
328	698
328	718
328	722
328	780
328	788
328	855
328	883
328	896
328	897
329	521
329	580
329	604
329	655
329	712
329	951
329	969
330	643
330	648
330	667
330	739
330	759
330	794
330	807
330	811
330	833
330	853
331	391
331	424
331	503
331	589
331	728
331	734
332	458
332	709
332	724
332	808
332	823
332	983
333	350
334	425
334	629
334	764
334	937
335	399
335	732
335	775
335	793
336	350
336	757
336	765
336	838
336	841
336	934
337	417
337	441
337	503
337	764
337	865
337	944
338	435
338	489
338	526
338	553
338	618
338	957
339	471
339	593
339	992
340	381
340	449
340	497
340	582
340	651
340	804
340	838
340	902
340	938
341	407
341	606
341	637
342	374
342	485
342	500
342	512
342	576
342	630
342	870
342	942
343	426
343	487
343	497
343	545
343	555
343	711
343	769
343	960
343	994
344	388
344	394
344	497
344	504
344	515
344	692
344	731
344	834
344	903
344	927
344	987
345	445
345	507
345	514
345	617
345	683
345	803
345	894
345	943
345	989
346	472
346	601
346	632
346	651
346	657
346	740
346	974
347	563
347	622
347	868
347	967
347	999
348	378
348	456
348	693
348	861
348	871
348	921
349	358
349	461
349	471
349	490
349	527
349	948
350	359
350	362
350	381
350	608
350	652
350	666
351	372
351	424
351	562
351	666
351	741
351	890
351	901
352	364
352	415
352	418
352	480
352	488
352	548
352	550
352	560
352	684
352	720
352	772
352	791
352	867
352	947
352	950
353	399
353	412
353	485
353	513
353	825
353	826
354	386
354	391
354	516
354	628
354	959
355	517
355	532
355	651
355	684
355	718
355	867
355	971
356	391
356	426
356	455
356	456
356	490
356	506
356	520
356	569
356	615
356	839
356	885
356	949
357	490
357	534
357	563
357	696
357	858
357	923
358	430
358	477
358	603
358	622
358	662
358	689
358	703
358	783
358	786
358	852
358	957
359	515
359	594
359	612
359	677
359	741
360	525
360	585
360	616
360	787
360	848
360	949
361	430
361	431
361	531
361	623
361	727
361	843
361	930
361	977
362	510
362	541
362	559
362	562
362	571
362	577
362	750
362	777
362	946
363	577
363	740
363	837
363	868
364	477
364	483
364	533
364	669
364	767
364	793
364	817
364	856
365	409
365	526
365	731
365	786
365	803
365	998
366	593
366	625
366	719
366	771
366	815
366	942
366	971
367	370
367	408
367	460
367	462
367	497
367	844
367	948
367	986
368	770
368	796
369	450
369	529
369	532
369	559
369	797
369	839
369	992
370	431
370	553
370	765
370	979
371	616
371	686
371	731
371	910
372	622
372	636
372	959
372	985
373	385
373	422
373	698
373	733
373	806
373	959
374	398
374	454
374	497
374	512
374	579
374	671
374	707
374	770
374	901
374	950
375	415
375	475
375	477
375	549
375	674
375	833
376	382
376	438
376	495
376	565
376	696
376	836
376	991
377	644
377	678
377	680
377	794
377	802
377	828
377	854
378	554
378	691
378	802
378	948
379	414
379	492
379	560
379	710
379	914
380	451
380	476
380	593
380	606
380	672
380	936
381	481
381	550
381	581
381	691
381	872
381	880
381	991
382	625
382	714
382	803
382	908
382	914
383	600
383	732
383	773
383	822
383	980
384	550
384	903
385	422
385	549
385	595
385	648
385	678
385	708
385	721
385	789
385	852
385	881
385	916
385	933
386	389
386	439
386	515
386	642
386	695
386	756
386	759
386	807
386	849
387	610
388	396
388	466
388	581
388	767
388	836
388	864
388	937
389	564
389	734
389	951
389	966
389	979
390	441
390	504
390	579
390	580
390	777
390	825
390	857
390	862
390	972
391	579
391	698
391	964
392	399
392	494
392	499
392	669
392	739
392	856
392	884
393	536
393	743
393	750
393	784
394	411
394	527
394	611
394	844
394	846
394	913
395	450
395	703
395	842
395	974
395	979
395	999
396	578
396	984
397	540
397	612
397	628
397	867
397	979
398	671
398	769
398	947
399	463
399	771
399	817
400	541
400	626
400	770
401	460
401	522
401	541
401	610
401	694
401	725
401	812
401	923
401	996
402	461
402	519
402	685
402	748
402	778
402	818
402	911
403	465
403	571
403	604
403	625
403	801
403	886
403	928
403	942
404	462
404	782
404	870
404	872
404	986
405	418
405	492
405	545
405	718
405	742
405	809
405	810
405	946
406	592
406	624
406	660
406	705
406	764
406	812
407	472
407	500
407	577
407	704
407	814
408	472
408	563
408	610
408	660
408	679
408	859
408	862
408	875
408	979
409	520
409	550
409	661
409	662
409	798
410	436
410	517
410	596
410	685
410	699
410	738
410	922
411	471
411	508
411	544
411	552
411	571
411	907
411	999
412	479
412	503
412	513
412	516
412	550
412	875
412	898
412	945
413	468
413	506
414	493
414	544
414	793
415	578
415	849
415	993
416	573
416	603
416	662
416	732
416	943
417	545
417	672
417	717
417	827
417	857
417	860
417	906
418	432
418	589
418	607
418	627
418	797
418	900
419	619
419	701
419	738
420	448
420	515
420	528
420	537
420	548
420	598
420	755
420	783
420	792
420	863
420	978
421	428
421	454
421	616
421	684
421	723
421	841
421	900
421	970
422	452
422	613
422	635
422	652
422	658
422	785
423	473
423	545
423	785
424	529
424	546
424	549
424	579
424	687
424	689
424	724
424	848
425	712
425	793
426	466
426	637
426	789
426	858
426	893
427	603
427	650
427	662
427	676
427	677
427	944
427	957
428	432
428	449
428	519
428	617
428	724
428	785
428	826
428	848
428	858
428	930
428	951
429	530
429	612
429	809
429	820
429	866
429	948
430	492
430	532
430	738
430	856
430	969
431	672
431	719
431	810
431	830
431	886
432	496
432	535
432	580
432	585
432	749
432	763
433	924
433	994
434	537
434	645
434	719
434	792
434	822
434	829
434	892
435	440
435	526
435	933
436	472
436	802
436	853
436	909
436	980
436	992
437	464
437	546
437	551
437	611
437	641
437	680
437	708
437	814
437	816
437	861
438	734
438	857
439	598
439	609
439	864
439	869
439	931
439	963
439	989
440	917
441	502
441	515
441	608
441	736
441	880
441	992
442	534
442	541
442	604
442	677
443	449
443	630
443	660
443	896
444	465
444	571
444	575
444	602
444	629
444	639
444	698
444	752
444	989
445	447
445	502
445	555
445	816
445	983
446	491
446	579
446	645
446	778
446	795
446	811
446	997
447	590
447	614
447	670
447	790
447	914
447	955
448	486
448	774
448	860
448	879
448	999
449	580
449	764
449	973
450	456
450	524
450	541
451	604
451	619
451	711
451	725
452	455
452	609
452	704
453	494
453	576
453	787
453	831
454	490
454	626
454	814
454	989
455	473
455	549
455	554
455	557
455	732
455	771
455	890
455	944
455	973
455	990
456	573
456	599
456	618
456	815
456	937
456	987
457	516
457	521
457	528
457	671
457	727
457	756
457	924
458	475
458	542
458	786
458	974
459	494
459	705
459	814
459	855
459	935
460	518
460	525
460	702
460	936
460	978
461	578
461	828
461	874
461	942
462	494
462	732
462	814
462	824
463	610
463	965
463	987
464	472
464	542
464	701
464	710
464	813
464	856
465	495
465	586
465	591
465	679
465	922
465	986
465	995
466	482
466	510
466	703
466	829
466	870
466	878
467	649
467	798
467	880
467	911
467	946
468	502
468	528
468	537
468	557
468	690
468	714
468	733
468	972
469	540
469	605
469	664
469	760
469	815
469	927
470	523
470	532
470	634
470	647
470	653
470	660
470	699
470	752
470	784
471	808
471	884
472	485
472	571
472	663
472	667
472	778
472	828
472	891
472	914
472	936
473	491
473	505
473	534
473	626
473	639
473	696
473	784
473	860
473	900
473	914
474	556
474	796
474	932
475	533
475	598
475	607
475	627
475	771
475	823
475	827
475	912
476	707
476	728
476	883
477	484
477	565
477	632
477	678
477	843
477	859
477	967
478	689
478	787
479	697
479	754
479	972
480	633
480	689
480	951
481	523
481	712
482	494
482	634
482	637
482	724
482	804
482	878
483	761
483	842
483	900
483	965
483	979
484	905
485	705
485	728
485	766
485	948
485	980
486	582
486	602
486	653
486	676
486	729
486	800
486	875
487	552
487	554
487	660
487	790
487	991
488	780
488	917
488	947
489	494
489	501
489	553
489	629
489	714
489	744
489	782
489	812
489	854
489	994
490	740
490	897
490	929
490	982
491	492
491	625
491	641
491	695
491	703
491	838
491	849
491	857
491	874
491	924
492	559
492	627
492	787
492	830
492	837
492	994
493	575
493	578
493	714
493	843
493	910
493	964
493	992
494	535
494	589
494	630
494	729
494	878
494	914
494	994
495	528
495	555
495	606
495	622
495	661
495	679
495	721
495	859
495	926
496	727
496	768
497	686
497	891
498	542
498	774
498	931
498	970
498	979
499	823
499	965
500	505
500	789
500	997
501	519
501	527
501	567
501	579
501	648
501	696
501	942
501	989
502	545
502	568
502	621
502	673
502	742
502	826
502	834
502	865
502	881
502	933
503	675
503	785
503	833
503	892
503	992
504	559
504	586
504	677
504	892
504	974
505	593
505	617
505	754
505	772
505	922
505	983
506	525
506	541
506	688
506	702
506	914
507	640
507	646
507	734
507	784
507	833
508	700
508	835
508	926
509	563
509	654
510	521
510	638
510	662
510	782
511	522
511	546
511	794
511	828
511	848
511	853
511	912
511	920
512	670
512	695
512	722
512	946
513	530
513	665
513	826
513	989
514	610
514	628
514	726
514	738
515	571
515	649
515	751
515	766
516	669
516	786
516	870
516	934
517	739
517	767
517	806
517	962
518	589
518	661
519	552
519	591
519	782
520	534
520	593
520	811
520	857
520	990
521	657
521	737
521	738
521	749
521	874
521	917
521	949
522	595
522	640
522	668
522	827
522	890
522	972
523	734
523	870
523	946
523	969
524	649
524	967
524	982
525	625
525	629
525	670
525	847
525	889
526	641
526	911
526	979
527	555
527	710
527	736
527	772
528	580
528	853
528	962
529	846
529	864
529	897
529	921
529	946
529	962
530	576
530	904
530	917
531	595
532	729
532	755
532	967
532	988
533	771
534	592
534	608
534	738
535	578
535	719
535	776
535	813
535	841
536	587
536	701
536	763
536	926
537	560
537	574
537	704
537	729
537	744
537	861
537	875
537	882
537	947
538	660
538	674
538	689
538	692
538	885
539	595
539	790
539	807
539	946
539	975
540	591
540	689
540	782
540	847
540	859
540	874
540	931
541	589
541	639
541	705
541	726
541	803
541	820
541	894
542	617
542	661
542	728
542	889
542	914
542	922
542	927
543	877
543	893
543	956
544	679
544	684
544	800
545	580
545	722
545	854
545	973
546	579
546	715
547	576
547	912
548	595
548	616
548	681
548	831
548	841
548	973
549	643
549	715
549	893
550	621
550	686
550	985
551	582
551	736
551	760
551	981
552	698
552	702
552	719
552	762
552	906
552	925
553	706
553	736
555	858
555	881
555	894
555	961
555	963
555	989
556	581
556	995
557	600
557	656
557	889
557	915
558	765
558	825
558	880
558	942
559	741
559	763
559	861
559	922
559	936
559	944
560	636
560	650
560	689
560	748
560	780
560	820
560	885
561	598
561	743
561	818
561	822
561	900
561	922
561	929
561	985
562	565
562	579
562	602
562	618
562	631
562	801
562	901
563	638
563	660
563	823
563	953
564	573
564	833
565	613
565	918
566	589
566	613
566	871
566	919
567	602
567	605
567	609
567	695
567	758
567	770
567	799
567	937
567	984
568	580
568	604
568	730
568	748
569	719
569	913
569	968
570	766
570	920
570	943
570	988
571	611
571	740
572	700
572	815
573	665
573	681
573	864
573	982
574	797
574	803
575	837
576	636
576	638
576	669
576	805
576	806
576	978
577	595
577	758
577	847
578	590
578	761
579	589
579	630
579	835
579	936
580	611
580	736
581	856
581	897
582	610
582	680
583	603
583	604
583	679
583	745
583	776
583	861
583	914
583	955
584	625
584	639
584	759
584	786
584	810
584	913
584	956
584	984
585	648
586	756
586	854
586	903
586	970
587	666
587	883
588	599
588	642
588	809
588	930
589	637
589	640
589	658
589	771
589	772
589	807
589	859
589	869
589	894
589	897
590	715
590	827
590	934
590	998
591	759
591	996
592	726
592	942
593	688
593	718
593	820
593	828
593	951
594	611
594	754
594	812
594	957
594	960
595	631
595	672
595	865
595	943
595	944
596	708
596	732
596	815
596	922
596	985
597	627
597	830
597	836
597	870
597	998
598	665
598	768
598	806
599	816
600	703
600	745
600	780
600	884
600	902
600	943
600	970
600	994
601	686
601	712
601	714
601	829
601	888
601	991
603	841
603	894
603	918
603	958
603	995
604	702
604	728
605	658
605	830
605	900
605	994
606	635
606	768
606	861
606	939
607	682
607	686
607	748
607	855
607	873
607	880
607	986
608	696
608	747
608	840
608	859
608	896
608	914
608	947
609	735
609	781
610	672
610	697
610	914
610	918
611	662
611	732
611	765
612	624
612	703
612	706
612	776
612	818
612	837
612	863
612	925
612	969
613	858
613	897
613	928
613	937
614	625
614	739
614	746
614	759
614	799
614	965
614	971
615	636
615	754
615	866
615	958
616	727
616	753
616	788
616	910
617	684
617	868
617	929
618	837
618	876
618	912
618	929
618	939
618	983
619	694
619	945
620	740
620	792
621	707
621	765
621	877
621	941
621	979
621	996
622	774
622	900
622	992
623	638
623	664
623	683
623	973
624	709
624	929
624	936
625	685
625	782
625	788
625	822
625	848
625	945
626	682
626	727
626	991
627	719
627	944
628	640
628	660
628	726
628	834
628	860
628	871
629	656
629	730
629	877
629	902
630	649
630	803
630	837
630	876
630	914
631	861
632	635
632	763
633	738
633	780
633	810
633	861
633	888
633	987
634	669
634	671
634	797
635	931
635	961
636	679
636	738
636	758
636	987
637	717
637	779
638	669
638	788
638	934
638	938
639	658
639	757
639	831
639	937
640	777
640	876
640	918
641	705
641	719
641	815
641	842
641	874
642	836
642	952
643	648
643	657
643	741
643	768
644	873
645	704
645	819
646	722
646	774
646	812
646	915
646	935
646	936
647	827
647	905
647	917
647	920
648	759
648	781
648	968
649	738
649	863
650	878
650	898
650	970
650	971
650	995
651	704
651	757
652	656
652	724
652	852
653	658
653	746
653	776
653	925
654	721
654	867
654	889
655	684
655	690
655	694
655	800
656	763
656	764
657	677
657	760
657	947
658	755
658	789
658	799
658	866
658	998
659	688
659	747
659	773
659	957
660	812
660	863
660	995
661	664
661	745
661	803
661	865
661	916
661	990
662	664
662	685
662	728
662	835
662	910
662	964
663	762
664	689
664	822
664	887
665	705
665	794
665	803
665	804
665	850
665	917
665	957
665	958
666	766
666	825
666	842
666	908
666	956
667	673
668	725
668	748
668	809
668	841
668	975
669	691
669	739
669	746
669	754
669	824
669	878
669	932
669	959
670	823
670	918
670	967
671	774
671	820
671	982
672	691
672	820
672	846
672	858
672	889
674	681
674	760
674	764
674	776
674	847
675	708
675	715
675	719
677	692
677	741
677	950
677	954
678	742
678	771
678	856
678	886
678	927
678	948
679	844
679	848
679	861
679	983
680	793
680	862
681	723
681	796
681	936
682	927
682	939
683	684
683	727
683	763
684	705
684	886
685	686
685	744
685	864
685	994
686	779
687	690
687	712
687	776
687	934
687	948
687	962
687	972
688	697
688	709
688	785
688	827
689	893
689	908
689	963
689	968
690	774
690	905
690	963
691	829
691	980
692	703
692	814
692	850
692	855
692	942
693	721
693	732
693	834
693	849
693	960
694	746
694	853
694	933
695	745
695	756
695	764
695	853
695	859
696	705
696	775
696	779
696	903
697	742
697	847
697	949
697	984
698	778
699	720
699	734
699	760
699	789
699	847
699	917
699	986
699	998
700	725
700	920
701	775
701	790
701	988
702	868
702	945
703	775
703	947
703	963
703	964
703	995
704	845
704	850
704	903
705	741
705	898
705	903
705	904
706	770
706	813
706	817
706	844
706	885
706	964
707	737
707	931
708	752
708	781
708	917
708	926
708	942
710	876
710	911
710	959
710	995
712	746
712	767
713	836
714	778
714	803
715	906
716	787
716	795
716	820
716	840
716	874
716	983
716	987
717	745
717	758
717	904
717	917
718	740
718	836
718	897
719	844
719	876
719	915
719	970
720	736
720	907
721	732
721	746
721	760
721	972
722	911
722	978
723	884
724	782
724	932
724	960
724	997
725	845
725	882
725	891
725	920
726	783
726	799
726	809
726	834
727	739
727	968
727	991
728	808
728	849
728	975
729	838
729	896
729	954
730	735
730	938
730	998
731	941
732	741
732	903
732	904
733	816
734	950
735	768
735	784
735	901
735	944
735	960
736	967
737	940
737	965
737	972
738	747
738	792
738	915
739	824
739	834
739	839
739	842
739	881
739	989
740	876
740	978
741	820
741	823
741	907
742	854
742	908
743	800
743	844
743	953
744	790
744	867
745	777
745	877
745	897
745	917
745	952
745	961
745	995
746	865
747	947
748	982
749	923
750	770
751	919
752	794
752	816
753	754
753	877
753	892
754	840
754	879
754	891
754	931
754	948
755	767
756	892
756	970
757	794
757	807
757	856
757	930
757	956
757	999
758	791
759	879
759	903
759	962
760	789
760	821
760	904
760	932
761	781
761	901
761	972
762	802
762	855
762	996
763	776
763	840
763	870
765	912
765	973
766	800
766	925
766	950
767	822
767	886
768	876
768	935
769	968
770	777
771	867
771	954
772	780
773	794
773	823
773	832
773	834
773	885
775	819
776	828
776	912
777	807
777	823
777	877
778	782
778	869
778	987
780	828
780	834
780	983
780	993
781	811
781	854
781	954
781	989
782	845
782	918
783	785
784	792
784	872
786	789
787	850
787	981
788	812
788	863
789	885
790	868
790	897
791	869
792	862
792	887
793	844
793	901
794	797
794	886
794	962
795	801
795	944
796	938
796	968
797	829
797	858
797	995
798	825
798	973
798	985
799	851
799	928
800	841
800	846
801	967
802	909
803	937
804	923
804	980
805	958
805	964
806	878
806	963
807	882
807	926
807	988
809	885
810	833
810	876
810	999
811	897
811	905
811	987
812	863
813	933
813	938
814	830
814	831
814	871
814	872
815	855
815	923
816	914
817	972
818	838
818	847
819	859
820	966
821	923
821	965
821	966
824	916
826	856
827	901
827	986
828	868
828	906
828	976
829	932
829	958
831	894
831	962
832	919
833	896
833	901
833	962
833	976
835	893
836	863
836	888
837	905
837	956
837	974
838	878
839	881
840	884
840	923
840	940
841	876
842	993
842	996
843	895
843	909
843	917
843	931
843	989
844	870
844	892
844	924
844	995
845	883
845	887
845	912
845	934
846	862
846	926
846	934
846	945
846	947
847	904
847	920
847	979
848	938
848	977
849	912
849	955
850	904
850	988
852	879
852	974
853	854
853	980
855	860
855	866
856	996
857	879
857	994
858	923
858	934
858	999
860	865
860	909
860	943
863	939
863	994
864	929
864	932
864	977
865	874
865	876
867	901
868	937
868	953
868	971
869	927
870	876
871	888
871	952
872	923
872	980
873	947
873	971
874	915
875	987
876	943
877	902
879	908
879	929
879	935
880	883
883	986
884	894
885	894
885	953
885	967
887	940
889	916
890	895
890	905
890	938
891	901
891	931
896	971
898	985
900	989
901	902
901	958
903	934
903	967
904	920
905	971
905	999
907	918
907	946
909	976
910	951
911	994
913	938
913	955
916	992
917	999
921	972
924	998
925	933
928	962
929	978
938	987
940	973
944	969
947	964
947	969
950	982
950	996
952	993
956	976
959	987
960	975
960	997
961	997
963	989
964	974
972	973
973	976
973	997
976	997
981	986
