984	121
984	668
984	934
984	817
984	261
984	1124
984	525
984	70
984	1216
984	379
984	312
984	637
984	1045
984	1227
984	565
984	909
984	945
984	982
984	917
984	929
984	672
984	496
984	454
984	481
984	293
984	697
984	919
984	1203
984	881
984	429
984	1175
984	587
984	1230
984	423
984	1191
984	152
984	1213
984	491
984	953
984	808
984	105
984	374
984	1172
984	803
984	675
984	1088
984	519
984	117
984	967
984	984
984	253
984	435
984	292
984	1200
984	605
984	43
984	603
984	448
984	1090
984	267
984	1139
984	790
984	845
984	490
984	1038
984	322
984	48
984	390
984	962
984	401
984	842
984	770
984	987
984	682
984	4
984	1158
984	446
984	145
984	288
984	132
984	588
984	85
984	1069
984	568
984	533
984	838
121	746
121	1003
121	858
121	145
121	298
121	1156
121	808
121	121
121	1250
121	398
668	622
668	875
668	1040
668	690
668	552
668	129
668	380
668	547
668	668
668	145
668	911
668	519
668	770
668	1154
934	934
447	644
644	807
644	262
644	1030
644	53
644	298
644	658
579	1271
579	1175
579	940
259	773
773	1250
773	663
817	1131
817	530
817	256
817	1241
817	643
261	13
261	764
261	921
261	261
1124	1124
1124	256
1124	1119
525	835
525	525
525	256
525	643
70	70
1216	1216
1216	319
1216	343
1216	831
1216	256
1216	550
1216	535
1216	1132
1216	808
1216	29
1216	89
1216	1177
1216	643
764	208
764	1210
764	1033
379	643
925	637
925	424
637	142
637	649
637	1087
637	290
637	973
637	385
637	679
637	481
637	637
637	506
637	355
312	186
312	312
312	1277
312	211
312	1020
312	649
102	818
818	964
818	742
818	954
818	519
818	13
818	517
818	716
841	520
841	168
841	888
841	961
520	168
520	961
520	888
520	300
835	835
431	2
431	890
2	968
2	1162
2	130
2	1199
2	865
2	138
2	2
2	465
2	952
2	1244
2	556
2	248
2	161
2	695
2	86
2	306
2	1005
2	846
2	305
2	108
2	636
2	194
2	112
2	686
2	40
2	807
2	320
2	1224
2	643
114	114
114	1069
1225	949
1225	107
1045	1108
1045	147
1045	162
1045	1045
1045	421
1045	103
1045	896
1227	1227
928	827
928	81
928	842
928	1199
827	705
964	647
964	159
29	550
29	371
129	1075
129	34
129	595
129	866
1075	1239
1213	1213
1213	535
1191	1191
807	455
807	77
807	647
714	61
61	1003
61	690
61	54
61	61
61	496
61	782
61	315
61	430
784	138
784	559
138	138
138	205
138	1016
138	1248
138	1056
138	350
138	468
138	1198
138	699
138	559
138	657
138	497
138	930
138	865
138	169
138	1015
138	310
138	291
138	780
138	952
138	434
138	958
138	42
134	353
134	1203
134	348
134	1154
134	343
134	749
134	647
134	1004
134	145
134	323
1230	1230
510	510
510	846
510	1019
510	479
510	405
510	1005
767	767
767	982
767	344
767	1050
856	1253
1253	1200
1253	749
552	982
552	1128
746	837
746	1175
746	1203
746	808
746	77
746	1133
746	1197
746	878
746	322
1003	793
1003	1203
1003	732
1003	1033
1003	647
1003	929
200	200
200	643
743	962
743	491
743	289
962	491
962	962
962	513
962	788
962	273
962	549
962	643
962	1247
962	1277
962	889
962	649
962	485
962	256
962	808
962	753
962	884
962	289
962	421
962	705
962	263
962	633
962	1229
962	1057
962	137
962	304
553	706
553	522
553	917
706	871
706	1175
706	1131
477	459
477	406
477	678
459	459
459	778
459	451
459	254
459	230
459	256
491	491
491	298
491	753
491	485
491	1247
491	289
491	273
491	256
491	263
205	1019
205	141
205	1005
205	681
860	1028
860	1060
860	28
1028	80
1028	1151
865	1016
865	1005
865	1006
865	498
865	1187
1016	465
1016	130
1016	1005
1016	952
1016	1244
1016	248
1016	320
649	837
649	43
649	1203
649	924
649	808
649	987
649	838
649	145
837	643
837	783
837	1100
837	896
837	1052
837	1229
837	351
1005	930
1005	556
1005	310
1005	717
1005	965
1005	780
1005	21
1005	851
1005	23
1005	906
1005	1138
1005	434
1005	42
1005	1176
1005	468
1005	164
1005	531
1005	1153
1005	169
1005	508
1005	350
1005	958
1005	291
1005	92
1005	156
1005	720
1005	1006
1005	908
1005	1056
1005	143
1005	373
136	682
682	710
682	768
682	572
682	1097
1199	81
1199	1006
1199	1079
1199	141
81	518
81	81
81	805
81	508
81	474
81	32
81	1029
81	468
81	1149
81	536
81	930
762	1174
762	919
762	901
1174	1087
1174	969
1174	206
1174	348
1174	1135
1139	1139
1087	577
1087	919
1130	190
1130	288
190	288
1237	562
562	43
562	282
562	538
562	1246
428	256
428	30
428	980
256	43
256	286
256	909
256	1080
256	390
256	1088
256	105
256	1133
256	1172
256	490
256	673
256	292
256	117
256	672
219	535
219	15
535	120
535	442
535	1164
535	1103
535	356
535	146
535	359
535	645
535	629
535	246
535	234
535	832
535	97
535	98
535	484
535	573
535	840
535	418
535	698
535	436
535	674
535	697
535	1044
535	1053
535	336
535	1113
565	565
945	1250
945	707
945	785
945	858
945	586
945	951
982	982
982	643
917	1231
917	1067
917	1030
929	547
929	288
929	834
929	53
929	786
929	607
929	263
929	485
929	298
672	177
672	672
672	643
672	1132
672	808
672	392
496	808
496	694
842	842
842	643
969	919
969	1033
969	1203
969	1095
258	410
258	882
467	517
517	1089
788	790
788	907
788	1245
788	788
788	675
788	815
788	146
790	731
790	157
790	499
790	335
790	421
790	685
790	450
790	210
790	1183
790	658
790	761
790	688
454	643
454	300
454	808
454	384
481	404
481	952
481	434
481	86
481	643
481	465
481	808
481	481
481	24
481	305
638	1203
638	369
638	98
638	734
638	1236
1203	758
1203	523
1203	857
1203	858
1203	260
1203	388
1203	555
1203	389
1203	242
1203	915
1203	197
1203	957
1203	927
1203	174
1203	189
1203	774
1203	239
1203	1131
1203	648
1203	1236
1203	60
1203	377
1203	757
1203	419
1203	547
1203	1047
1203	53
1203	540
1203	263
1203	947
1203	1132
1203	206
1203	1066
1203	338
1203	596
1203	892
1203	789
1203	991
1203	688
1203	485
1203	658
1203	1093
1203	393
1203	298
1203	1010
1203	1203
1203	1195
1203	398
1203	147
1203	212
1203	998
43	1277
43	1066
43	658
43	1250
43	1241
1073	1064
1073	159
758	1273
444	369
369	227
369	924
369	1112
369	493
905	698
905	366
288	775
288	351
288	313
858	967
858	1269
858	804
409	300
300	152
300	612
300	300
610	435
610	995
610	1196
435	1209
1144	635
1144	50
635	50
635	635
635	1089
635	633
1101	1038
1101	432
1101	943
1101	354
1038	981
1038	432
1038	1233
1038	943
1038	1035
1038	461
1038	1038
1038	354
1038	643
650	40
40	498
40	930
40	1006
40	890
40	1137
193	63
193	48
193	1243
193	116
193	439
193	1245
193	648
48	1277
48	979
1243	633
1243	377
1243	47
1243	731
1243	749
1243	1254
380	647
319	1177
319	319
715	390
390	390
390	452
390	1133
390	45
390	924
633	1021
633	480
633	224
633	1221
633	507
633	1245
1229	298
298	39
298	647
298	298
298	458
298	192
377	1127
377	919
377	1221
377	224
377	647
56	791
56	1082
56	940
791	759
532	951
532	1088
130	953
130	434
142	1157
142	85
142	170
142	494
142	202
142	971
930	636
930	643
930	91
930	7
930	1019
594	1090
594	476
594	1074
1090	643
1090	808
1090	24
1090	973
1090	1090
116	568
116	433
116	770
732	918
732	877
732	240
732	495
732	53
732	810
732	920
425	1127
425	1088
425	347
425	295
1163	578
578	201
578	787
578	1259
578	363
578	1269
578	578
578	339
578	209
578	355
1066	1175
1066	647
1066	545
1066	838
1175	1175
1175	813
1175	53
1175	1132
1175	1057
1175	884
1175	658
1175	643
357	919
919	284
919	53
919	915
919	709
919	919
907	1025
907	1263
907	249
139	229
139	987
229	1231
229	1235
981	782
566	30
566	980
566	519
566	105
566	292
30	742
30	1241
446	446
742	980
742	381
742	826
742	602
742	959
742	105
913	939
913	844
939	878
1060	80
1246	182
1241	980
1241	1088
1241	519
1241	145
1241	105
694	1211
643	286
643	967
643	519
643	117
643	1172
643	85
643	105
643	1026
643	1088
643	13
643	448
643	292
643	868
643	953
643	374
643	922
643	1200
643	605
643	609
643	73
643	429
643	293
643	498
643	463
643	890
324	1240
324	724
324	145
1240	71
1248	846
1202	713
1202	403
1202	132
1202	662
1202	1061
1202	992
346	1238
346	389
346	891
1238	1238
1238	808
1238	1077
149	268
149	561
268	839
268	561
404	874
465	1147
465	434
465	1006
952	1137
952	1006
1244	77
556	580
801	1019
1019	780
1019	657
1019	1121
1019	1188
1019	92
1019	479
1019	1019
1019	1015
1019	478
1019	1056
1019	350
1019	1084
1019	814
1019	238
1019	1037
1019	434
1019	772
1019	376
1019	1042
1019	42
1019	143
1019	598
1019	358
1019	960
1019	1170
1019	994
1019	618
1019	291
1019	855
1019	74
1019	1215
1019	809
1019	531
1019	75
1019	310
1019	717
1019	771
1019	1176
1019	1153
1019	508
1019	69
1019	38
1019	375
1019	373
1019	23
1019	1266
1019	883
999	426
426	100
13	13
13	343
13	921
201	406
201	678
388	93
879	441
879	302
879	1133
959	959
959	71
179	480
179	647
480	1277
480	177
480	1221
480	480
480	753
242	647
227	1110
1033	894
697	662
351	412
351	696
412	412
429	429
854	854
854	995
177	1088
177	503
1051	1051
1051	314
1051	62
1051	808
979	82
82	1277
273	289
1154	838
1154	9
1154	655
838	145
838	607
838	503
838	838
564	1141
1141	66
1141	9
1131	613
1131	145
348	515
348	987
1056	846
1056	141
479	479
479	141
479	814
587	587
423	423
152	1250
49	1119
343	647
343	126
343	748
343	733
434	6
434	141
406	747
406	863
406	538
406	27
406	806
406	159
406	678
406	406
406	250
140	777
777	137
777	760
953	953
953	1068
953	808
1077	17
1077	891
1256	278
1256	85
1256	588
1256	609
278	701
278	278
278	609
278	588
278	85
701	85
701	588
701	609
85	740
85	588
85	808
411	146
411	770
411	1221
411	224
146	28
146	1177
868	868
57	568
568	150
568	1114
665	665
665	276
665	700
665	808
613	199
613	445
613	763
1247	507
507	10
507	903
877	225
877	294
877	145
225	894
225	834
225	407
225	167
1088	1088
1088	272
1088	313
1088	569
1088	1214
1088	72
1088	987
1088	77
1088	1251
957	967
967	967
967	28
967	544
967	422
967	927
967	1132
967	615
77	151
77	1071
1277	993
1277	361
1277	693
1277	440
1277	1228
1277	1069
350	141
350	846
398	267
398	448
398	1142
398	655
398	1069
267	924
267	1235
145	655
145	537
145	145
145	642
145	240
145	1251
145	873
145	679
145	576
1218	439
448	448
863	1104
863	678
863	1133
1030	652
1030	647
53	100
53	647
778	254
170	506
197	100
494	971
211	1142
211	563
927	28
189	28
774	545
531	87
531	1065
531	1249
531	846
87	317
87	846
87	31
1150	922
980	936
206	270
206	647
740	1133
508	855
1185	995
1185	1148
1185	1185
1185	1054
1185	658
1185	607
1185	1133
1185	1200
995	334
995	1133
710	483
710	729
710	628
483	729
483	558
483	124
1006	636
1006	305
808	472
808	808
808	73
808	286
808	117
808	1200
808	519
808	105
808	1172
808	12
808	609
105	105
105	408
374	95
1172	407
1172	1172
1172	1132
1172	472
1172	1177
803	803
286	286
519	519
117	1039
117	117
1026	1026
1026	876
279	829
279	279
829	187
169	524
169	1133
1251	1035
1035	1272
1107	1269
1269	616
1269	339
1269	232
1269	257
1269	287
1269	413
1269	247
1269	176
1269	867
1269	776
1250	545
1250	1223
1250	647
1029	455
1029	1125
1029	1115
455	1050
455	1115
1121	846
846	657
846	128
846	1015
846	846
846	226
846	38
846	855
846	143
846	1042
846	310
846	664
846	23
846	42
846	317
846	1189
846	164
846	823
846	135
846	897
846	1176
657	636
657	141
675	1245
376	728
728	1041
1025	661
1015	405
1015	141
731	1255
595	824
595	595
595	1133
595	884
876	876
1268	1200
1200	1200
1200	537
1200	1132
28	28
28	488
28	89
1116	272
272	383
407	402
407	987
407	1012
407	1155
407	926
50	1133
50	1089
609	588
588	588
378	371
371	546
371	457
371	296
371	88
1245	402
1245	231
333	243
243	1145
243	36
243	617
243	391
243	399
243	365
941	1182
941	815
941	754
941	1122
941	1254
973	24
339	878
339	257
603	603
605	605
605	630
605	101
1258	488
488	551
488	488
488	1133
1133	1054
1133	815
1133	570
1133	614
1133	337
1133	1133
1133	1242
1133	220
1133	975
1133	730
1133	198
1133	572
1133	557
1133	1214
1133	1226
1133	96
1133	397
1133	872
1133	527
1133	1008
1133	655
1133	878
1133	271
1133	326
1133	539
1133	585
1133	1232
1133	159
1214	864
1177	385
100	505
655	655
505	724
402	9
106	316
106	926
1046	1048
1048	1031
1048	1161
240	647
240	1036
60	180
419	783
538	678
282	1
956	224
956	83
224	755
347	163
163	1093
163	228
716	716
71	203
71	724
468	992
468	636
512	681
512	323
681	1070
678	750
143	141
540	97
97	1179
97	1235
789	95
95	834
95	1132
882	1261
151	987
237	1061
1061	1011
1061	403
1061	46
263	561
263	647
1132	292
292	292
1272	745
561	647
365	763
763	1
705	308
355	765
765	1235
310	636
310	699
310	405
342	405
405	405
405	311
516	1034
516	88
1112	1053
890	950
783	987
783	993
1147	1023
1232	321
321	416
305	498
533	533
503	1091
1135	394
490	173
490	490
753	1032
664	993
662	502
653	653
653	91
653	923
166	1167
166	1053
1167	1261
185	385
185	235
385	1037
385	25
385	11
385	880
385	809
385	1043
385	489
385	725
385	666
385	955
385	154
385	1020
385	1168
385	184
385	721
385	76
385	786
385	252
385	14
108	108
647	1257
647	572
647	734
749	331
699	699
780	141
1010	1010
1037	453
1037	141
25	974
92	141
478	141
814	141
679	993
679	987
141	1094
141	238
141	618
485	212
485	464
696	469
696	696
993	325
993	658
612	1261
612	612
126	340
1151	107
1050	9
1050	970
1050	387
834	1120
636	717
636	1096
636	1194
636	281
636	536
636	676
636	1176
636	358
636	636
636	214
636	851
9	187
9	401
9	1267
768	987
987	482
987	471
987	330
987	987
572	572
849	392
392	1261
392	1173
12	12
809	462
1209	471
471	670
194	400
493	1053
1053	1143
1053	910
1053	181
734	1113
734	843
1093	297
1093	1161
684	873
684	1000
873	417
458	137
458	458
187	155
302	640
330	68
401	236
401	896
401	528
658	327
352	202
202	1118
202	786
202	307
403	132
1052	360
677	323
1012	900
1012	1007
132	46
1261	812
878	1242
246	936
601	869
869	304
719	7
7	896
498	176
498	320
462	822
1080	1080
563	118
573	966
1113	1186
786	1234
340	847
212	464
815	634
1126	21
249	33
220	583
1234	621
557	51
557	345
673	673
1158	1158
872	872
1220	107
107	111
107	821
107	245
107	449
107	599
107	1076
107	641
107	989
107	604
107	492
107	1274
107	216
107	626
107	486
107	792
107	589
107	26
386	115
386	940
115	940
91	91
395	181
663	575
812	1122
821	1055
1137	702